map EGL-G2-B
fac 5 10 {0,39,136,132,21}
hosp 3 {0,36,171}
n_ALS 7 1 {3:0,2:136,2:21}
n_BLS 24 1 {5:0,1:39,6:136,6:132,6:21}
n_CLS 9 0 {4:39,2:136,2:132,1:21}
      c_m  head  tail      c_af      c_d  c_tau  c_h
101    57    31    32  0.917819  {0,1,1}     23    0
10     69   142   143  0.768246  {0,1,0}     32    1
21     76    61    62  0.431930  {0,2,0}     29    0
73     78    47    64  0.988304  {0,2,0}     31    1
106    80    47    64  0.504299  {0,2,0}     20    1
113   228   106   108  0.269045  {0,1,0}     20    0
126   231   186   198  0.188029  {0,1,0}     20    1
9     258   208   209  0.102029  {0,3,0}     40    0
70    289    91    92  0.768134  {0,1,1}     28    0
74    347    49    56  0.311709  {0,2,0}     34    1
53    353    53    55  0.393395  {1,1,0}     36    0
58    363   219   220  0.719207  {0,1,0}     31    1
18    424    38    40  0.473880  {0,3,0}     28    0
48    436   180   181  0.523194  {0,1,1}     31    0
14    459   240   242  0.520230  {1,0,0}     38    1
120   464   124   125  0.644426  {0,2,0}     31    1
37    480    66    67  0.567580  {0,1,1}     23    1
11    480   121   155  0.696420  {0,3,0}     33    1
7     488   126   150  0.957038  {0,3,0}     40    0
2     488   129   130  0.879151  {0,3,0}     39    1
121   498   245   247  0.580451  {0,3,0}     29    0
105   533    95    96  0.502242  {1,0,0}     23    1
59    538   107   108  0.843254  {1,0,0}     27    1
8     553   120   162  0.319243  {0,1,1}     39    1
63    558     3    23  0.316228  {0,0,1}     30    1
77    560    74    75  0.728281  {1,1,0}     23    1
97    565   151   152  0.630726  {1,1,0}     23    1
109   576   226   251  0.106287  {1,0,0}     32    1
87    581   125   150  0.230203  {0,2,0}     27    1
98    599   204   206  0.164537  {0,2,0}     24    0
35    608   122   124  0.789094  {0,2,0}     21    1
68    610   119   120  0.646774  {0,3,0}     26    1
91    612    36    39  0.915360  {0,0,1}     38    0
34    618   222   223  0.813166  {0,3,0}     21    1
116   623   103   111  0.166283  {0,2,0}     33    1
62    627   138   139  0.771111  {0,3,0}     29    1
67    628   111   114  0.192935  {1,1,0}     32    1
20    636    99   131  0.631501  {0,3,0}     23    0
29    637    39    73  0.251753  {0,1,1}     40    1
92    652    74    76  0.261906  {0,2,0}     26    0
125   658   205   208  0.655618  {0,1,0}     29    1
3     663   117   118  0.233223  {0,1,0}     40    1
124   671    10    41  0.422249  {0,2,0}     33    0
96    674    23    87  0.499414  {0,1,0}     38    0
100   683    50    53  0.950722  {1,0,0}     22    1
25    685    65    66  0.795127  {0,1,0}     35    0
36    688   138   139  0.880703  {1,1,0}     37    1
42    698   201   202  0.290253  {0,2,0}     28    0
16    699    90    92  0.423984  {1,0,0}     28    1
64    715   181   182  0.569200  {0,2,0}     27    1
75    737   145   146  0.957068  {1,0,0}     32    1
114   742   115   116  0.727429  {1,0,0}     25    1
24    747   252   253  0.978751  {1,0,0}     26    1
49    757   138   139  0.090167  {1,1,0}     33    1
55    761    62    63  0.054981  {1,0,0}     32    1
1     761   141   150  0.291974  {0,3,0}     31    1
27    761   177   180  0.890136  {0,1,0}     39    1
47    773    83    84  0.984783  {0,2,0}     35    0
13    796    79    80  0.067168  {0,3,0}     26    1
76    797    45    46  0.830318  {1,1,0}     39    1
23    807   222   223  0.204644  {0,2,0}     34    1
80    824    27    30  0.185834  {1,0,0}     25    1
61    838   166   178  0.684689  {0,3,0}     33    1
102   842   209   216  0.393714  {0,1,0}     36    1
43    850    45    64  0.460110  {1,1,0}     27    1
60    867     6     7  0.036223  {0,2,0}     28    1
69    882   133   134  0.998846  {0,2,0}     24    0
4     900   171   172  0.705642  {0,1,0}     32    1
38    903    62    63  0.246351  {0,0,1}     34    1
123   911    70    79  0.129970  {0,1,0}     31    1
115   920    17    22  0.215401  {0,2,0}     25    1
86    921    78    82  0.765710  {0,2,0}     31    1
103   924   143   144  0.024721  {1,0,0}     30    1
117   927   115   116  0.849660  {1,2,0}     37    1
72    928   109   110  0.414515  {0,3,0}     32    0
89    950   161   165  0.132272  {1,0,0}     20    0
44    952     1    12  0.131868  {0,1,0}     31    0
118   981    54    58  0.493386  {0,2,0}     36    1
54    982   152   153  0.189723  {0,2,0}     35    0
127   987   178   179  0.540039  {0,3,0}     32    1
31    990   185   186  0.126328  {1,1,0}     25    1
22    995   174   183  0.534197  {0,2,0}     28    0
84    997     5    26  0.859896  {0,2,0}     40    0
71    997   179   184  0.076617  {0,1,1}     29    1
33   1015    18    19  0.657120  {1,0,0}     38    1
46   1015   124   125  0.168249  {0,1,0}     22    0
0    1020    81    89  0.849266  {1,1,0}     24    1
119  1022    76    77  0.264438  {1,0,0}     37    1
90   1046     9    10  0.738052  {0,2,0}     34    0
6    1053   130   137  0.038526  {0,2,0}     32    0
93   1089   135   136  0.211997  {1,1,0}     22    1
85   1089   102   111  0.764728  {0,2,0}     40    0
112  1091   226   251  0.962144  {0,1,1}     29    1
30   1104   103   104  0.436860  {1,0,0}     38    1
107  1105    45    46  0.717647  {0,1,0}     36    1
99   1111   127   128  0.196431  {1,0,0}     28    1
65   1122   225   226  0.526732  {0,1,0}     30    1
40   1141    74    75  0.040206  {0,3,0}     21    0
111  1143   166   167  0.244043  {1,0,0}     33    1
26   1144    60    68  0.051045  {0,2,0}     40    1
110  1155   247   248  0.777479  {1,0,0}     40    1
41   1157     3    15  0.431629  {1,3,0}     35    1
78   1165    18    20  0.095798  {0,1,0}     37    0
83   1176    50    53  0.084596  {0,1,0}     38    1
50   1176   154   158  0.149334  {1,0,0}     33    1
56   1177   122   124  0.707498  {0,1,0}     39    0
52   1186    62    63  0.081777  {0,3,0}     28    0
45   1190    16    17  0.121935  {0,1,0}     39    1
95   1205     7     8  0.069200  {0,1,0}     40    1
32   1213   113   115  0.095620  {0,3,0}     29    0
108  1246    54    55  0.570524  {1,0,0}     20    1
15   1246   240   242  0.716716  {1,1,0}     24    1
94   1263   198   199  0.261167  {0,1,0}     26    1
104  1264   190   191  0.025277  {0,3,0}     26    1
81   1301   190   192  0.388095  {0,1,0}     36    1
51   1307    23   150  0.179908  {0,2,0}     29    1
12   1311    32    33  0.003304  {1,1,0}     22    1
39   1344   180   181  0.113450  {0,0,1}     24    1
82   1365    37    75  0.552058  {1,0,0}     39    1
17   1365    65    66  0.001217  {0,1,0}     36    1
79   1370    97   115  0.760546  {0,1,0}     36    0
66   1374   234   239  0.330882  {0,1,0}     36    1
28   1392   112   113  0.319976  {0,2,0}     37    0
88   1422    16    18  0.767116  {0,2,0}     35    1
57   1422    14    15  0.463761  {1,2,0}     38    1
122  1424   133   135  0.995427  {0,1,0}     40    0
19   1432    94    95  0.250720  {1,1,0}     36    1
5    1432     4    22  0.121474  {0,3,0}     33    1
