map EGL-G1-C
fac 5 10 {0,171,52,146,148}
hosp 2 {0,106}
n_ALS 5 1 {1:0,2:52,2:146}
n_BLS 25 1 {6:0,3:171,6:52,5:146,5:148}
n_CLS 8 0 {2:0,2:171,2:52,2:148}
      c_m  head  tail      c_af      c_d  c_tau  c_h
8       1    94    98  0.490860  {1,1,0}     36    1
85      5   228   230  0.538197  {0,1,0}     36    0
125     8   244   248  0.345488  {1,0,0}     30    1
119    16   146   147  0.246286  {0,1,0}     40    1
23     38    90    95  0.142111  {0,3,0}     34    0
16     52     6    27  0.259609  {1,2,0}     33    1
42     60   127   128  0.249217  {0,2,0}     39    1
63    102   128   129  0.524908  {0,1,0}     32    1
121   160   162   166  0.973033  {1,0,0}     27    1
81    197   116   120  0.118378  {0,1,0}     33    1
107   254   212   218  0.741957  {1,0,0}     23    1
53    268    95    97  0.545187  {0,2,0}     39    1
126   274   128   137  0.408284  {0,2,0}     26    0
103   288   212   243  0.672372  {0,3,0}     32    1
111   325    70    72  0.458123  {0,2,0}     39    1
68    350   166   167  0.399688  {0,3,0}     33    0
96    365   220   222  0.271325  {0,2,0}     39    0
38    407    23    86  0.369659  {1,2,0}     40    1
101   417    89    91  0.288992  {1,1,0}     32    1
70    421    27    30  0.839406  {1,1,0}     39    1
97    425    91    92  0.992302  {0,2,0}     25    1
87    430   108   109  0.187280  {1,1,0}     23    1
67    436    24    26  0.802057  {1,1,0}     28    0
2     440    55    56  0.304384  {1,0,0}     34    1
55    464   132   133  0.264969  {1,2,0}     35    1
50    469    89    91  0.602848  {1,1,0}     28    1
9     477    18    20  0.445204  {0,2,0}     24    0
54    483    58    59  0.553845  {1,1,0}     34    1
60    499   150   151  0.207590  {0,3,0}     36    1
3     515   170   171  0.129738  {0,1,1}     36    1
71    515    19    20  0.165652  {0,2,0}     31    1
4     519   178   179  0.859051  {0,1,0}     27    1
5     534   211   213  0.796629  {0,2,0}     26    0
13    541     9    34  0.572978  {0,1,1}     33    0
84    554   146   147  0.619054  {1,0,0}     25    1
73    556     4     5  0.199377  {0,1,0}     33    1
26    557   129   136  0.841233  {0,2,0}     30    1
88    562   142   144  0.980251  {0,1,1}     22    1
93    572   176   179  0.990943  {1,1,0}     38    1
6     594   189   190  0.362590  {0,1,0}     27    1
18    606     1     2  0.110097  {0,2,0}     29    0
118   621     8    33  0.048239  {0,3,0}     40    1
114   625   204   205  0.267940  {0,2,0}     35    0
49    640    90    95  0.312519  {0,1,0}     28    1
43    643    62    63  0.340120  {0,0,1}     23    0
123   656    91    92  0.239304  {1,3,0}     35    1
95    667   228   230  0.619094  {1,0,0}     32    1
24    669   232   233  0.303307  {0,0,1}     31    1
122   672   153   157  0.919088  {1,0,0}     38    1
57    678    79    80  0.467612  {1,0,0}     25    1
37    687   212   243  0.762667  {0,0,1}     26    1
44    687    29    30  0.891377  {0,0,1}     35    0
46    714    23   170  0.969192  {0,3,0}     31    0
41    715    55    56  0.010700  {1,0,0}     26    1
30    721    46    47  0.559045  {1,0,0}     35    1
69    728   140   141  0.286131  {0,3,0}     30    0
74    743    18    20  0.650952  {1,0,0}     40    1
47    764    89    91  0.300996  {0,2,0}     34    0
94    789   115   116  0.181396  {0,1,0}     22    1
91    797    27    28  0.039211  {1,0,0}     23    1
86    819   163   164  0.184294  {0,2,0}     30    0
83    820    66    67  0.309410  {0,1,0}     20    0
32    840    17    22  0.212517  {1,1,0}     39    1
64    845   128   129  0.725890  {0,3,0}     20    0
92    850   198   199  0.579523  {0,2,0}     27    0
124   853    83    85  0.469674  {0,2,0}     23    1
72    863     7    30  0.074512  {0,1,1}     20    1
108   881   237   238  0.137055  {0,1,0}     29    0
58    886    97   126  0.407837  {1,1,0}     40    1
33    903     9    10  0.516416  {0,3,0}     22    0
19    915    77    78  0.786478  {1,1,0}     35    1
90    925    96   111  0.311663  {0,1,0}     35    0
11    933    43    46  0.183427  {1,0,0}     33    1
127   939   240   241  0.609688  {0,2,0}     29    1
110   942   100   111  0.683258  {1,1,0}     30    1
15    943   102   110  0.171237  {0,0,1}     40    0
66    948    17    19  0.351519  {0,3,0}     38    0
75    953    18    20  0.823062  {0,3,0}     28    1
78    953    98   130  0.316117  {0,0,1}     22    1
76    954   241   242  0.050109  {0,3,0}     27    1
115   954   120   121  0.362230  {0,1,1}     27    0
36    957   165   177  0.019622  {0,1,0}     40    1
48    962   135   145  0.507992  {0,2,0}     26    0
100   968    70    71  0.848286  {1,0,0}     39    1
29    975    43    45  0.098599  {0,3,0}     26    0
82    984   135   136  0.803528  {0,1,0}     32    0
113   986   106   108  0.388476  {0,3,0}     28    0
0     988   179   180  0.552861  {1,0,0}     24    1
109   992   123   124  0.309041  {0,2,0}     37    1
102  1016   112   114  0.401749  {0,0,1}     32    1
7    1019    96    97  0.314109  {0,1,0}     38    1
61   1032   196   197  0.977226  {1,1,0}     32    1
106  1056   178   183  0.002725  {0,2,0}     20    0
31   1071   102   103  0.997116  {0,1,1}     25    1
40   1075    69    78  0.519147  {0,1,0}     20    0
1    1103   157   159  0.322062  {0,1,0}     25    1
65   1114   150   152  0.126653  {1,1,0}     22    1
10   1121   121   122  0.047620  {0,2,0}     26    0
39   1128   166   167  0.306011  {1,1,0}     21    1
22   1157   216   217  0.209532  {0,1,0}     40    0
80   1163   189   190  0.665929  {0,2,0}     27    1
25   1163    39    40  0.154750  {1,0,0}     27    1
98   1170    36    38  0.478263  {0,1,0}     28    1
105  1171    19    25  0.832692  {1,0,0}     22    0
116  1172    20    21  0.544445  {0,1,0}     27    0
45   1177   177   184  0.695886  {0,1,1}     21    1
28   1180   128   137  0.167931  {1,1,0}     30    1
34   1192    94    95  0.320517  {0,2,0}     40    1
20   1199    48    57  0.831558  {0,3,0}     35    1
62   1202    39    40  0.312963  {0,2,0}     21    1
52   1204   100   101  0.729045  {1,0,0}     25    1
17   1210    27    30  0.415829  {0,2,0}     28    1
59   1239   125   149  0.878762  {1,1,0}     36    1
12   1248   199   201  0.016232  {0,0,1}     29    1
77   1258   144   145  0.528776  {0,0,1}     36    1
14   1260    19    20  0.339963  {1,0,0}     24    1
120  1284    32    34  0.820374  {1,1,0}     21    1
104  1285   210   211  0.274974  {0,2,0}     37    1
89   1298   207   209  0.090658  {1,0,0}     25    1
51   1299     3     4  0.587479  {1,1,0}     31    1
56   1303   106   107  0.667470  {0,2,0}     20    1
79   1339    56    57  0.282639  {0,2,0}     35    0
27   1355   158   160  0.417573  {0,2,0}     20    1
35   1377    75    77  0.162553  {0,2,0}     22    0
112  1400   115   122  0.436461  {0,1,0}     33    1
117  1410     7    30  0.997194  {0,3,0}     33    1
21   1411   138   139  0.654879  {0,1,0}     27    1
99   1434   207   208  0.620305  {0,1,0}     31    1
