map EGL-G1-A
fac 5 10 {0,98,157,227,49}
hosp 1 {0}
n_ALS 10 1 {3:0,2:98,1:157,2:227,2:49}
n_BLS 20 1 {6:98,3:157,3:227,8:49}
n_CLS 8 0 {2:0,2:98,1:157,3:227}
      c_m  head  tail      c_af      c_d  c_tau  c_h
82     12    39    72  0.035717  {1,0,0}     34    1
8      18    85    86  0.541229  {0,1,0}     32    1
64     45   108   109  0.697223  {0,3,0}     32    0
18     52   174   175  0.488352  {1,3,0}     20    0
86     83   150   151  0.913219  {1,0,0}     31    1
100    88   134   146  0.858730  {1,0,0}     35    1
6      98   219   221  0.220558  {0,3,0}     33    1
126   113    90    91  0.441866  {1,1,0}     20    1
125   133   116   118  0.141281  {0,2,0}     39    0
72    161   210   211  0.175579  {0,2,0}     25    0
58    209    66    67  0.170619  {1,0,0}     30    1
85    217     6    27  0.896881  {0,3,0}     24    1
24    240    17    22  0.936000  {0,3,0}     31    1
3     260    11    42  0.950674  {0,0,1}     35    0
30    263   178   179  0.708605  {0,2,0}     37    1
46    310   211   213  0.965962  {1,0,0}     22    1
89    311    45    64  0.356158  {0,2,0}     38    1
76    322   219   221  0.139944  {0,1,0}     30    0
70    358    12    16  0.755174  {0,2,0}     24    1
16    404   125   126  0.647446  {0,2,0}     40    0
56    421   213   216  0.056005  {1,1,0}     31    1
51    423   244   249  0.444368  {0,3,0}     31    1
67    444   174   175  0.074874  {1,0,0}     39    1
34    445    38    40  0.262386  {0,1,1}     28    1
92    449   191   193  0.371030  {1,0,0}     28    1
39    471   240   241  0.983276  {0,2,0}     36    0
73    485   166   167  0.150011  {0,3,0}     24    1
119   485    43    45  0.287849  {1,1,0}     39    1
13    530   106   108  0.101975  {1,0,0}     33    1
1     533   111   112  0.241629  {0,1,0}     26    1
101   536   151   152  0.469773  {0,3,0}     32    1
40    551    55    56  0.632249  {0,2,0}     25    0
48    556    29    30  0.503108  {1,0,0}     39    1
66    557   154   155  0.226303  {1,0,0}     34    1
96    579   112   114  0.008801  {0,3,0}     30    0
11    593   121   122  0.579645  {1,0,0}     34    1
87    605     2    14  0.316258  {1,0,0}     24    1
105   607    50    52  0.192216  {1,0,0}     33    1
106   608   234   235  0.271031  {1,1,0}     23    1
127   608     8    33  0.440925  {1,0,0}     26    1
44    628   184   185  0.860465  {1,0,0}     30    1
42    629   138   139  0.545375  {0,2,0}     28    1
94    632     2    14  0.477493  {1,0,0}     40    1
60    638    54    55  0.309370  {0,2,0}     34    1
68    641   196   197  0.085977  {1,1,0}     28    1
49    643   128   137  0.095308  {1,1,0}     30    1
53    647   136   137  0.801214  {0,3,0}     40    1
84    656    70    72  0.806807  {1,1,0}     20    1
88    678     3    23  0.860305  {1,0,0}     30    0
52    685    12    13  0.224617  {0,1,1}     33    0
47    693   177   178  0.803981  {1,0,0}     37    1
123   712    84   100  0.180118  {0,1,0}     28    0
7     715   158   159  0.929794  {0,3,0}     35    0
83    723   145   146  0.212000  {0,1,1}     39    1
63    724    77    78  0.668999  {0,2,0}     33    0
98    742   125   126  0.956301  {0,3,0}     29    0
117   748   191   194  0.068268  {0,2,0}     23    1
17    756   215   216  0.569424  {1,0,0}     31    1
22    760    53    54  0.959506  {0,2,0}     37    0
10    768   121   123  0.867146  {0,2,0}     27    0
113   777   137   138  0.425870  {1,0,0}     23    0
97    778   124   151  0.235373  {0,3,0}     36    1
23    780   244   245  0.232373  {1,0,0}     40    1
57    788    23   170  0.734529  {1,1,0}     29    1
25    802   184   185  0.835782  {0,1,0}     26    0
54    803   160   163  0.338060  {0,1,0}     37    0
50    808    77    78  0.486475  {0,2,0}     32    0
81    825   234   236  0.152197  {0,1,0}     24    0
95    826   244   245  0.570358  {0,3,0}     30    1
116   826   211   212  0.082755  {0,2,0}     22    1
41    831     5     6  0.120098  {0,2,0}     28    1
26    831   241   242  0.712458  {1,1,0}     24    1
36    845   169   170  0.243850  {0,1,1}     22    1
71    846   240   241  0.344154  {1,0,0}     36    1
90    847   140   141  0.305637  {1,1,0}     35    1
120   852    17    22  0.769531  {1,0,0}     23    1
5     855   242   245  0.494261  {0,2,0}     23    1
104   857   242   243  0.996322  {0,1,1}     21    1
91    874    84   100  0.873398  {0,2,0}     34    0
4     883   174   175  0.106067  {1,0,0}     21    1
65    902    53    55  0.232063  {1,0,0}     26    1
77    903   202   203  0.384539  {1,0,0}     40    1
55    911   212   243  0.823238  {1,1,0}     28    1
111   924   185   192  0.338467  {0,2,0}     22    0
37    932    80    88  0.549771  {0,2,0}     20    0
45    967    11    42  0.380777  {0,1,0}     28    1
99    968   121   122  0.156027  {1,1,0}     23    1
62    984    69    70  0.690991  {1,0,0}     33    1
27    995   194   195  0.740218  {1,0,0}     34    1
109  1005   112   113  0.485503  {0,2,0}     30    1
118  1006   225   226  0.025055  {0,3,0}     33    0
93   1010    97   126  0.231091  {1,1,0}     21    1
115  1010   149   150  0.220172  {0,1,0}     26    1
114  1012   216   217  0.696547  {1,1,0}     27    1
74   1035   240   242  0.465084  {0,0,1}     30    1
78   1054   207   208  0.142166  {0,2,0}     22    0
59   1060    47    64  0.900569  {0,1,0}     39    1
28   1067   116   117  0.747636  {0,1,0}     27    1
110  1076   141   142  0.685532  {0,3,0}     27    1
103  1078     3    23  0.062709  {1,1,0}     29    1
61   1083   170   171  0.376103  {0,2,0}     30    0
43   1103    10    41  0.155627  {0,2,0}     36    1
21   1116    66    68  0.323494  {1,1,0}     26    1
122  1131   105   107  0.630956  {0,3,0}     36    1
19   1137   174   175  0.642369  {0,1,0}     26    1
102  1162    45    64  0.522583  {1,0,0}     38    1
33   1196    77    81  0.985405  {0,3,0}     32    0
31   1197   202   203  0.504231  {0,3,0}     36    0
38   1216    85    86  0.610688  {0,1,1}     25    1
80   1241    19    20  0.384930  {1,1,0}     30    1
15   1260   170   171  0.750501  {0,2,0}     31    0
35   1270    55    56  0.572019  {0,1,0}     33    1
79   1281    79    80  0.634401  {1,1,0}     29    1
112  1291    85    86  0.754433  {0,1,0}     36    1
2    1307    25    26  0.572027  {0,1,0}     39    1
107  1315    48    57  0.284199  {0,2,0}     37    0
20   1322    30    33  0.690268  {0,1,0}     36    1
32   1330   238   239  0.663276  {0,0,1}     29    1
14   1360    12    16  0.886149  {0,1,0}     27    0
69   1364    43    45  0.551537  {0,1,0}     36    0
0    1385   234   236  0.963067  {1,0,0}     37    1
29   1388   212   243  0.148506  {1,0,0}     31    1
9    1401   212   243  0.308814  {1,1,0}     22    1
75   1403    63    64  0.592642  {0,1,0}     31    1
108  1404    94    95  0.868059  {0,2,0}     29    0
121  1407   186   187  0.146954  {0,2,0}     20    1
124  1420   242   243  0.786924  {0,2,0}     36    0
12   1424    59    60  0.649976  {0,1,0}     32    0
