map EGL-G2-C
fac 5 10 {0,234,131,57,195}
hosp 1 {0}
n_ALS 7 1 {2:0,2:234,1:57,2:195}
n_BLS 15 1 {4:0,1:234,3:131,6:57,1:195}
n_CLS 10 0 {1:0,1:234,2:131,3:57,3:195}
      c_m  head  tail      c_af      c_d  c_tau  c_h
104     1   156   162  0.280619  {0,1,0}     35    1
120    33    62    63  0.681173  {0,3,0}     40    0
25    108   113   115  0.125988  {0,3,0}     38    1
114   178   251   254  0.820156  {0,2,0}     22    1
1     204   175   177  0.665857  {0,1,0}     31    0
2     260    12    13  0.896398  {0,2,0}     39    0
77    270    89    97  0.860214  {0,3,0}     21    1
98    277   227   233  0.540945  {0,1,0}     27    1
103   306    36    37  0.186104  {0,1,1}     35    1
48    318   210   211  0.161287  {0,3,0}     21    1
118   349   204   205  0.818576  {0,3,0}     31    1
82    374    38    40  0.538478  {0,1,0}     23    1
3     376   130   137  0.757544  {1,1,0}     33    1
50    386    72    73  0.617158  {0,1,0}     25    1
59    391   117   121  0.473267  {0,2,0}     26    1
29    441    99   100  0.405024  {1,1,0}     39    1
7     467   178   179  0.452142  {0,2,0}     29    1
99    477    28    29  0.856764  {0,0,1}     32    0
81    490   193   246  0.481785  {1,0,0}     37    1
11    490   161   164  0.089025  {0,1,0}     20    0
13    521   143   145  0.003600  {0,2,0}     23    1
41    521   202   209  0.466778  {0,0,1}     30    0
47    522    19    20  0.439793  {0,3,0}     20    0
17    543    48    49  0.340705  {1,1,0}     37    0
117   545     1    12  0.558336  {0,3,0}     21    0
116   545    78    79  0.839925  {1,3,0}     24    1
111   550   152   153  0.357687  {0,2,0}     27    1
78    558    15    17  0.585777  {0,1,0}     30    1
121   599   217   218  0.007386  {0,3,0}     39    0
66    600   223   224  0.785253  {0,0,1}     22    0
108   610   233   235  0.984505  {0,2,0}     22    0
35    620   121   155  0.978712  {0,2,0}     21    0
9     639   219   223  0.514314  {1,0,0}     22    1
67    648   180   181  0.421796  {0,1,0}     37    0
28    648   179   180  0.245863  {0,2,0}     21    0
52    655   228   229  0.903182  {0,1,1}     22    1
94    665    71    73  0.793140  {0,2,0}     40    0
73    666   162   163  0.292790  {1,0,0}     27    1
88    669   247   248  0.288121  {0,1,0}     23    1
53    676   175   177  0.966484  {0,2,0}     39    0
21    690   129   138  0.562337  {0,2,0}     23    0
23    703   107   109  0.660640  {1,1,0}     36    1
112   708   162   163  0.306255  {0,1,0}     28    1
105   716    82    85  0.931911  {1,0,0}     22    1
43    716   101   112  0.272425  {0,1,0}     24    1
33    724   112   113  0.838477  {1,1,0}     27    1
60    741   239   243  0.156841  {0,1,0}     21    1
20    742   166   175  0.331835  {0,2,0}     29    0
22    743    43    45  0.650905  {1,0,0}     36    1
10    758    71    73  0.701758  {0,2,0}     33    0
107   758   103   104  0.263870  {0,1,0}     36    0
18    760   147   148  0.321766  {0,2,0}     25    1
97    774   113   114  0.609444  {0,2,0}     25    1
101   774    54    58  0.558175  {0,3,0}     27    1
100   775   157   163  0.734232  {0,1,0}     26    0
123   780    19    25  0.497855  {0,1,0}     26    1
92    782   239   243  0.756581  {0,3,0}     20    0
72    786     1     2  0.193554  {0,2,0}     25    1
71    796   245   247  0.022314  {0,3,0}     28    1
119   797    43    46  0.857362  {1,0,0}     27    1
69    800   118   119  0.748844  {0,1,0}     33    0
24    804   216   218  0.272974  {0,2,0}     33    0
76    811   158   160  0.824731  {0,2,0}     37    1
8     817   101   102  0.976839  {0,3,0}     24    1
65    822   178   179  0.626144  {0,1,0}     28    1
49    822   157   161  0.029961  {1,0,0}     38    1
96    836   217   218  0.469403  {0,1,0}     21    1
85    839   158   160  0.965892  {1,1,0}     35    1
4     846   103   104  0.204198  {1,0,0}     24    1
126   855    79    80  0.669846  {0,0,1}     27    1
27    865   157   161  0.978823  {0,3,0}     36    1
109   866    12    16  0.044540  {0,2,0}     30    0
57    872   179   180  0.685189  {1,0,0}     32    1
115   874    22    24  0.924311  {1,1,0}     34    1
83    886    63    65  0.589199  {0,3,0}     28    0
12    886   137   138  0.687748  {1,0,0}     27    1
31    898   247   249  0.455568  {0,2,0}     40    0
56    911    35    36  0.778669  {0,1,0}     24    0
39    914    98   127  0.072102  {1,0,0}     37    1
15    917   179   183  0.249229  {1,1,0}     28    1
51    931     5     6  0.181553  {0,1,1}     37    1
37    933   250   251  0.242407  {0,2,0}     40    0
64    956   176   177  0.905535  {0,1,0}     23    1
87    968   128   129  0.200789  {0,3,0}     25    1
95    980   205   207  0.431748  {1,0,0}     27    1
122   983    91    92  0.649518  {0,0,1}     22    1
16    984   188   189  0.680191  {0,1,0}     22    1
124   995    73    74  0.974345  {0,2,0}     28    0
127   999    36    38  0.640251  {0,0,1}     22    0
61   1025   188   189  0.739340  {0,3,0}     40    1
26   1028   145   146  0.856116  {0,1,0}     21    1
36   1033   190   192  0.491216  {0,1,0}     30    0
30   1038   111   114  0.964048  {0,1,0}     21    0
38   1044    82    83  0.678626  {1,1,0}     21    1
40   1049   208   209  0.371997  {0,1,0}     38    0
86   1050   234   235  0.622404  {0,1,0}     36    1
74   1052   217   219  0.826575  {0,1,0}     33    1
14   1059   184   185  0.186687  {1,1,0}     33    1
32   1097   172   173  0.210969  {1,0,0}     35    1
106  1110   227   229  0.087527  {0,1,0}     36    1
19   1115   125   150  0.416919  {0,1,0}     26    1
125  1118    54    58  0.591179  {1,0,0}     28    1
54   1122   227   231  0.928802  {0,2,0}     27    1
6    1128    47    64  0.434115  {0,2,0}     24    0
55   1133   125   150  0.250846  {0,3,0}     39    1
63   1153   235   236  0.865668  {0,2,0}     32    1
110  1155   122   124  0.868941  {0,2,0}     22    1
45   1162    76    77  0.447279  {0,3,0}     36    1
113  1167   208   209  0.276793  {1,0,0}     33    1
68   1167     8    33  0.041203  {1,1,0}     34    1
42   1176    78    82  0.674756  {0,1,1}     29    1
44   1228   117   121  0.921333  {1,0,0}     29    1
46   1230   129   138  0.807203  {0,2,0}     37    1
84   1258    40    41  0.798377  {1,3,0}     24    1
79   1290     8    33  0.358885  {1,1,0}     21    1
58   1291   180   181  0.147124  {0,2,0}     40    0
93   1302     7    30  0.630629  {0,0,1}     26    1
90   1309   239   244  0.736130  {1,1,0}     26    1
91   1310   180   181  0.436129  {0,1,0}     23    1
5    1325   210   215  0.753546  {0,1,0}     33    0
62   1333   216   217  0.780039  {1,0,0}     21    1
70   1334   166   167  0.539883  {0,1,0}     31    0
102  1344   113   114  0.492324  {1,0,0}     36    1
0    1349   157   163  0.798785  {1,0,0}     27    1
34   1379   156   157  0.188501  {0,2,0}     23    0
80   1382    24    26  0.111984  {1,1,0}     30    1
75   1406   158   160  0.093544  {1,1,0}     40    1
89   1433    48    49  0.768619  {0,3,0}     29    1
