map EGL-G1-A
fac 5 10 {0,132,108,120,83}
hosp 3 {0,27,132}
n_ALS 8 1 {1:0,2:132,2:108,3:120}
n_BLS 18 1 {4:0,5:132,2:108,3:120,4:83}
n_CLS 10 0 {1:0,2:132,3:108,2:120,2:83}
      c_m  head  tail      c_af      c_d  c_tau  c_h
72      4    27    30  0.282034  {0,1,0}     34    1
126    34   164   165  0.023436  {0,2,0}     20    0
39    169     4    22  0.992926  {0,1,0}     30    1
64    186   232   234  0.849373  {0,2,0}     23    0
24    216   115   122  0.940431  {0,3,0}     35    0
12    227    31    38  0.326209  {0,1,0}     32    0
102   238   134   146  0.963714  {1,0,0}     37    1
63    242   169   170  0.357452  {0,1,0}     40    1
120   243    49    56  0.631279  {0,1,0}     25    1
51    280   160   163  0.568596  {0,3,0}     27    1
59    338   157   159  0.565265  {1,1,0}     21    1
22    378   195   196  0.062363  {0,1,0}     24    1
80    403   111   112  0.881930  {0,1,0}     37    1
61    426   225   248  0.293416  {0,1,0}     35    0
68    427   186   187  0.251424  {0,2,0}     28    0
109   431    14    15  0.774287  {0,3,0}     20    0
3     464    63    64  0.935947  {1,0,0}     26    1
15    493   185   186  0.801078  {0,1,0}     26    1
28    496     9    34  0.663086  {1,0,0}     21    0
27    512   173   181  0.229033  {0,2,0}     30    1
79    516   124   151  0.574010  {1,0,0}     38    1
54    524   238   239  0.975694  {1,1,0}     38    1
104   524     2     3  0.714351  {1,0,0}     39    1
119   531   128   129  0.572922  {0,3,0}     21    0
58    533    91    92  0.111117  {1,0,0}     37    1
49    536    14    15  0.584128  {1,0,0}     27    1
71    540    17    19  0.691713  {0,3,0}     29    1
65    544     6     7  0.232716  {0,2,0}     34    1
118   563    45    64  0.538864  {0,0,1}     28    1
77    566   146   147  0.761167  {0,1,0}     39    1
121   568    71    72  0.378372  {0,1,0}     31    1
95    586    73    75  0.605486  {0,2,0}     28    0
113   600   177   184  0.900980  {1,0,0}     24    0
47    603   175   176  0.696288  {0,3,0}     23    0
19    609    80    81  0.265010  {0,3,0}     28    0
11    610    36    37  0.275949  {0,2,0}     24    0
56    621    96   114  0.788760  {0,1,1}     39    0
114   632    79    80  0.939021  {0,3,0}     32    1
112   642   154   155  0.681567  {0,1,0}     21    1
36    648    23   229  0.477717  {0,1,0}     37    0
23    649    88    96  0.139348  {1,1,0}     27    1
108   650   158   160  0.702150  {0,1,0}     37    1
55    651    68    79  0.673903  {0,1,0}     20    1
74    654    19    25  0.838253  {0,3,0}     36    1
38    664   119   161  0.257989  {0,0,1}     25    0
2     671    77    81  0.112537  {1,1,0}     35    1
7     678    65    66  0.390782  {0,3,0}     21    0
98    693    23   149  0.086499  {0,1,1}     27    0
41    717    27    28  0.567790  {1,1,0}     26    1
42    726   243   244  0.715789  {0,2,0}     36    1
124   728   101   102  0.754645  {0,1,0}     32    1
30    736    29    31  0.916567  {1,1,0}     32    1
5     736   149   150  0.109995  {0,0,1}     21    1
75    748   178   179  0.115622  {0,2,0}     24    0
34    752    23   229  0.319260  {0,3,0}     21    0
29    755   144   145  0.474301  {1,1,0}     36    1
57    756    67    68  0.282260  {1,1,0}     29    1
78    763   185   192  0.869069  {0,1,0}     27    1
17    773   100   111  0.668139  {0,0,1}     22    1
111   774   202   203  0.505185  {0,1,0}     20    1
123   786   130   131  0.125074  {1,1,0}     26    1
73    786    36    38  0.961498  {0,1,1}     27    0
10    794     1    12  0.057333  {1,0,0}     30    1
0     795    55    56  0.524621  {0,2,0}     35    0
86    802   175   176  0.726593  {1,0,0}     25    1
21    811   204   209  0.559927  {0,1,1}     38    1
4     817   219   220  0.839441  {0,3,0}     24    0
127   830    55    56  0.762147  {0,2,0}     36    1
53    834    98   130  0.797576  {0,0,1}     29    0
18    841    63    64  0.905059  {0,1,1}     39    1
13    853    47    48  0.379465  {1,0,0}     33    1
88    861    80    88  0.595075  {0,2,0}     23    1
125   864   128   129  0.538977  {0,1,0}     34    1
84    864   104   105  0.021608  {0,1,1}     36    1
43    875   246   247  0.382549  {0,2,0}     23    0
31    889   147   148  0.278151  {0,1,1}     34    1
116   893    25    26  0.274616  {0,1,0}     35    0
96    897    59    71  0.979856  {0,1,0}     24    1
1     898    80    81  0.411618  {0,0,1}     29    1
85    910   244   248  0.461682  {0,2,0}     32    1
16    915    69    70  0.555497  {0,1,0}     31    1
117   920    41    51  0.287858  {1,0,0}     40    1
67    920   123   124  0.286509  {1,2,0}     26    1
48    945   207   208  0.355171  {1,1,0}     35    1
82    954   184   185  0.160133  {0,1,0}     37    0
103   962   197   198  0.633105  {0,3,0}     23    1
35    962    54    55  0.202292  {0,3,0}     33    1
99    997     8    33  0.928341  {0,3,0}     40    1
93   1005    83    85  0.171270  {0,1,0}     28    1
91   1007    19    20  0.595771  {0,2,0}     40    1
45   1016   171   172  0.691310  {0,2,0}     33    0
90   1028   207   209  0.200088  {0,1,0}     23    0
106  1030   136   137  0.548751  {1,0,0}     21    1
115  1042    23   170  0.791455  {0,1,0}     27    1
94   1045   125   149  0.936073  {0,1,0}     24    1
25   1061    12    13  0.180573  {1,0,0}     33    1
69   1065    94    98  0.553406  {1,0,0}     31    1
46   1076   196   197  0.604929  {1,1,0}     21    1
83   1094   128   137  0.065673  {0,0,1}     24    1
52   1097    72    73  0.402201  {1,2,0}     26    1
105  1098    54    58  0.442714  {0,3,0}     25    0
50   1114   134   146  0.821238  {0,1,0}     37    1
60   1126    29    31  0.879851  {1,0,0}     32    1
110  1134    56    57  0.000860  {0,1,0}     39    0
97   1136   103   113  0.370600  {0,3,0}     39    1
100  1140   195   197  0.960832  {0,3,0}     29    1
33   1144    18    19  0.768663  {1,0,0}     38    1
81   1151   237   238  0.865393  {0,2,0}     37    0
8    1159    97   126  0.517015  {1,1,0}     25    1
92   1161    31    38  0.187690  {1,1,0}     26    1
6    1183    20    21  0.588351  {0,1,0}     21    0
89   1185    39    52  0.042311  {0,1,0}     20    1
66   1195    57    61  0.326878  {0,2,0}     21    0
62   1199   195   196  0.508513  {1,0,0}     29    1
20   1201     8     9  0.032694  {0,2,0}     39    0
122  1222   215   216  0.724805  {1,1,0}     23    1
32   1227   234   236  0.368499  {0,1,1}     26    0
14   1238   186   187  0.691027  {0,2,0}     24    1
40   1253   171   172  0.440807  {0,1,1}     40    0
76   1254    55    56  0.082288  {0,1,0}     33    1
9    1288    35    36  0.439972  {0,3,0}     23    0
101  1289    16    17  0.078293  {0,1,0}     35    0
70   1297    20    21  0.183249  {0,3,0}     25    1
107  1320   120   154  0.379847  {0,3,0}     31    1
37   1352   102   110  0.760214  {0,1,0}     20    0
87   1358    79    80  0.315614  {0,1,0}     29    1
26   1412    41    51  0.302437  {0,1,1}     37    0
44   1423    65    92  0.209322  {0,2,0}     29    0
