map EGL-G2-A
fac 5 10 {0,119,25,254,46}
hosp 2 {0,123}
n_ALS 6 1 {1:0,3:25,1:254,1:46}
n_BLS 24 1 {2:0,6:119,6:25,7:254,3:46}
n_CLS 7 0 {2:0,2:119,1:25,2:46}
      c_m  head  tail      c_af      c_d  c_tau  c_h
75     91    58    59  0.510022  {0,2,0}     24    1
13    113   139   140  0.446067  {1,0,0}     24    1
49    153    69    80  0.249151  {0,2,0}     35    1
23    162    86    87  0.505246  {1,3,0}     22    1
59    211    97    98  0.817580  {0,3,0}     34    1
122   257   118   119  0.817059  {0,3,0}     35    1
70    266   137   138  0.118470  {1,0,0}     30    1
93    294    38    40  0.233973  {0,0,1}     38    0
82    363   222   223  0.424339  {0,1,0}     37    0
18    371     4    22  0.403906  {0,3,0}     28    1
108   404    57    61  0.340016  {1,1,0}     28    1
34    408   139   140  0.400784  {1,0,0}     36    1
98    417   177   181  0.991468  {0,2,0}     38    0
52    427    99   100  0.882188  {0,1,0}     32    1
69    431   196   197  0.142706  {0,1,1}     20    1
102   492    18    20  0.243894  {1,0,0}     40    1
112   493    71    73  0.073076  {1,0,0}     35    1
85    493    39    40  0.378302  {0,1,0}     20    1
12    523    68    69  0.639044  {1,0,0}     22    1
24    532   227   229  0.418584  {0,2,0}     39    1
110   540    93    94  0.438232  {0,1,0}     23    0
101   568     5    23  0.117430  {0,1,0}     20    1
126   569   243   245  0.743500  {0,3,0}     21    0
0     583   240   242  0.545969  {0,3,0}     30    1
95    589   205   208  0.108149  {0,1,0}     39    0
48    595    66    93  0.803512  {0,2,0}     35    0
22    596   104   105  0.020116  {0,3,0}     33    1
47    610   117   121  0.545293  {0,0,1}     22    1
103   624   186   188  0.402192  {0,3,0}     33    1
33    633   236   238  0.834607  {0,3,0}     20    1
121   637    16    18  0.839036  {0,2,0}     39    1
51    651   247   249  0.306372  {1,0,0}     23    1
77    656   164   165  0.327748  {1,0,0}     39    1
92    657   243   245  0.818878  {0,3,0}     33    1
36    664    18    19  0.951234  {0,3,0}     33    0
43    669   233   234  0.656830  {0,1,0}     27    1
83    676    53    54  0.406642  {0,1,1}     22    0
3     677   206   207  0.164153  {0,2,0}     25    0
38    681    23    87  0.976179  {1,0,0}     30    1
57    687    59    72  0.391047  {1,0,0}     36    1
113   697   103   111  0.912859  {0,3,0}     34    1
7     698     7     8  0.984408  {0,1,1}     35    0
91    705   252   253  0.494444  {0,2,0}     30    1
123   714   177   181  0.915125  {0,1,0}     30    1
72    720   185   187  0.057941  {1,1,0}     31    1
105   722    74    76  0.628309  {1,1,0}     39    1
100   726   108   109  0.141293  {0,1,0}     27    0
41    738   193   246  0.181071  {1,1,0}     31    1
11    745    74    76  0.046108  {0,1,0}     31    1
10    768   221   222  0.277750  {0,0,1}     25    1
73    776   203   204  0.842153  {0,2,0}     24    0
29    778    32    33  0.560635  {0,3,0}     34    0
97    779    82    83  0.936348  {1,0,0}     26    1
58    792   174   189  0.281972  {0,1,0}     27    0
74    798    91    96  0.741024  {0,1,0}     27    0
20    801    76    77  0.460293  {1,1,0}     22    1
21    802   228   230  0.365892  {1,0,0}     25    1
6     807    32    34  0.762804  {0,1,0}     38    1
78    811    74    75  0.087430  {0,3,0}     34    0
80    816    18    20  0.247836  {0,2,0}     24    0
111   817   170   171  0.644376  {0,3,0}     39    1
55    844    57    61  0.193344  {1,1,0}     28    1
15    845   104   114  0.798591  {1,1,0}     30    1
42    845    70    79  0.185465  {0,1,0}     33    1
61    846   113   115  0.881399  {0,1,0}     35    0
104   864     8    33  0.154920  {0,1,0}     20    1
120   869   153   154  0.769598  {0,2,0}     25    1
88    870    97   115  0.141841  {0,2,0}     37    1
79    870   130   137  0.441329  {0,1,1}     35    1
71    871   171   172  0.521756  {0,1,0}     33    0
99    874   179   183  0.002742  {0,0,1}     40    0
5     881   243   245  0.554673  {0,1,1}     40    1
40    885   131   132  0.845832  {0,1,0}     31    1
4     914   186   188  0.376925  {0,1,0}     20    0
53    914    89    97  0.434260  {1,0,0}     36    1
90    922   143   144  0.630473  {1,1,0}     33    1
50    924    60    68  0.784262  {1,2,0}     27    0
66    929   167   168  0.187553  {1,1,0}     36    1
127   943   107   108  0.803254  {0,2,0}     30    0
64    946   197   200  0.372296  {0,3,0}     40    0
115   958    23    87  0.120996  {0,3,0}     40    1
106   974   112   113  0.284424  {0,1,0}     27    1
37    980     2    14  0.498181  {0,2,0}     27    1
17    987    47    48  0.456187  {1,0,0}     32    1
119   994    10    11  0.601464  {0,2,0}     32    1
56   1012    95    96  0.433792  {1,0,0}     32    1
65   1014     1     2  0.106260  {0,1,0}     26    1
63   1018    91    96  0.367433  {0,2,0}     20    0
16   1033   240   241  0.576356  {0,1,0}     39    0
45   1035    18    20  0.855515  {1,2,0}     22    1
107  1036    19    20  0.399912  {0,0,1}     22    0
86   1037     5    23  0.099045  {0,2,0}     34    1
44   1042    32    34  0.168414  {0,1,0}     25    1
116  1085   204   205  0.531665  {1,0,0}     27    1
54   1085   104   105  0.148161  {1,0,0}     37    1
84   1093    34    41  0.283702  {0,3,0}     35    1
109  1095   112   113  0.861714  {0,2,0}     40    1
81   1104   140   141  0.045975  {1,1,0}     27    1
27   1106   251   254  0.360639  {1,0,0}     27    1
46   1109    49    50  0.252208  {0,1,1}     31    1
76   1110   236   238  0.410731  {1,0,0}     39    1
68   1123    63    64  0.860828  {1,0,0}     35    1
28   1152   209   216  0.265926  {0,1,0}     29    1
124  1154    80    81  0.400620  {0,1,0}     35    1
62   1159    32    34  0.489390  {0,0,1}     37    1
9    1171     7     8  0.956492  {0,2,0}     32    1
118  1172     7    30  0.760906  {0,3,0}     23    1
31   1174   115   116  0.409898  {0,1,0}     24    1
32   1194   174   189  0.681690  {1,1,0}     31    1
8    1197    48    49  0.570149  {1,1,0}     35    1
60   1221    85   101  0.833814  {0,1,1}     24    1
19   1226    72    73  0.051523  {0,1,0}     33    0
67   1234   227   233  0.397808  {1,0,0}     22    1
35   1239   122   124  0.841411  {0,2,0}     36    1
2    1250    76    78  0.538178  {0,1,0}     23    1
30   1251    48    49  0.954232  {0,1,0}     31    0
14   1252    34    41  0.918482  {0,3,0}     23    0
114  1271   158   160  0.754688  {0,3,0}     36    0
89   1274   105   106  0.989678  {1,1,0}     37    1
117  1290   120   170  0.545668  {1,0,0}     33    0
39   1302   148   149  0.764552  {0,2,0}     31    0
125  1333   210   215  0.959605  {0,3,0}     33    1
25   1377   170   174  0.124243  {1,1,0}     36    1
96   1377   132   133  0.207651  {1,1,0}     36    1
87   1386    69    80  0.885359  {1,0,0}     37    1
26   1392   193   246  0.002034  {1,1,0}     26    1
94   1404   180   181  0.653861  {0,1,0}     35    1
1    1410   172   173  0.384435  {0,1,0}     34    0
