map EGL-G2-C
fac 5 10 {0,156,92,101,107}
hosp 2 {0,162}
n_ALS 6 1 {2:0,2:92,2:101}
n_BLS 17 1 {2:0,2:156,5:92,6:101,2:107}
n_CLS 5 0 {2:156,1:101,2:107}
      c_m  head  tail      c_af      c_d  c_tau  c_h
27     59    13    14  0.184770  {0,1,0}     32    1
43     61   170   171  0.850210  {0,1,0}     20    1
79     72    31    38  0.203898  {0,2,0}     39    1
25     95   126   150  0.879131  {0,2,0}     28    1
94    109   133   134  0.144026  {0,0,1}     38    0
39    137    18    20  0.022786  {1,0,0}     34    1
3     160   152   155  0.875689  {1,1,0}     26    1
109   177    26    28  0.118353  {0,1,0}     34    1
120   258   166   178  0.583445  {0,1,0}     24    1
32    269    91    92  0.829965  {1,1,0}     27    1
56    316     9    10  0.679636  {0,1,0}     20    0
73    316    66    93  0.346013  {1,0,0}     30    1
95    355   222   223  0.117032  {1,1,0}     32    1
70    413   120   162  0.137638  {0,2,0}     38    1
61    438   244   245  0.879353  {0,1,0}     34    1
88    465   167   168  0.511218  {0,1,0}     36    1
35    474    23    87  0.940468  {0,2,0}     32    1
124   494    31    38  0.781404  {1,0,0}     38    1
50    497    95    96  0.274354  {1,1,0}     38    1
104   503    67    68  0.870164  {0,2,0}     28    0
76    511    81    82  0.509754  {0,2,0}     26    0
18    542   140   142  0.966493  {0,1,1}     39    0
21    543    24    26  0.833852  {0,0,1}     35    1
64    561   236   238  0.822558  {0,1,0}     34    1
82    563   135   147  0.987409  {0,0,1}     35    0
19    565   131   132  0.619765  {0,2,0}     35    0
84    571   189   190  0.021897  {1,1,0}     23    0
55    586   158   160  0.242849  {0,1,0}     38    1
66    593   132   133  0.952058  {0,0,1}     36    1
93    605   245   247  0.916165  {0,2,0}     38    1
77    607   153   154  0.454277  {0,3,0}     26    0
59    618    73    74  0.971673  {0,2,0}     34    1
112   637   215   221  0.242865  {0,0,1}     30    1
7     656    86    87  0.820575  {1,1,0}     22    1
127   663   105   107  0.148089  {0,2,0}     24    0
20    668    82    83  0.707287  {0,1,1}     38    1
37    678   244   253  0.558705  {1,0,0}     29    1
107   680    90    91  0.318833  {1,1,0}     26    1
42    691    15    17  0.763705  {1,0,0}     21    1
62    696   197   200  0.628154  {1,0,0}     35    1
68    718     3    23  0.998663  {0,1,1}     30    0
86    728   252   253  0.736559  {0,1,0}     34    1
81    744    67    69  0.937637  {0,3,0}     22    1
111   757    23    87  0.022765  {0,1,0}     27    1
90    771    92    93  0.758625  {0,2,0}     22    1
11    774   236   237  0.595452  {0,1,0}     21    1
5     781   129   138  0.593834  {0,2,0}     24    0
72    788   178   185  0.301884  {1,1,0}     39    1
117   796   212   213  0.658044  {0,1,0}     21    0
24    804   174   189  0.761588  {1,1,0}     26    1
101   805   205   207  0.167927  {0,1,0}     31    1
121   808   148   149  0.627866  {1,1,0}     21    1
4     816    47    64  0.655032  {0,2,0}     37    1
58    829   211   212  0.236419  {0,2,0}     37    0
113   830   218   250  0.044351  {0,1,0}     24    0
15    837   166   167  0.461500  {0,1,0}     23    1
48    838    53    55  0.462149  {0,2,0}     40    1
33    841   197   200  0.947906  {0,3,0}     26    0
106   843    36    39  0.095638  {1,0,0}     21    1
9     853   136   146  0.960355  {0,0,1}     27    1
53    858   101   112  0.549077  {0,1,0}     27    1
123   859    78    79  0.839959  {0,2,0}     38    1
65    870    10    41  0.487318  {0,3,0}     20    1
22    872   178   185  0.792559  {0,3,0}     24    0
119   879     5    23  0.614756  {0,3,0}     31    1
63    879   204   206  0.063616  {1,0,0}     23    1
26    881   163   168  0.226027  {0,2,0}     39    1
122   889   219   223  0.476366  {0,2,0}     25    0
102   890   102   111  0.095538  {0,0,1}     36    0
96    894   121   155  0.680758  {0,2,0}     35    0
12    895   233   235  0.933758  {0,2,0}     25    1
46    897    98   127  0.283722  {0,3,0}     24    0
31    904    99   131  0.528199  {0,2,0}     24    0
126   905   233   254  0.470575  {1,0,0}     23    1
28    907   247   248  0.644495  {0,1,0}     37    1
17    909   135   136  0.544922  {0,2,0}     22    1
40    910   112   113  0.235982  {1,3,0}     23    1
108   928   245   247  0.831843  {0,0,1}     37    1
23    930    23   237  0.058044  {0,1,0}     32    0
57    932   194   242  0.390003  {1,0,0}     21    1
47    933     1    12  0.713408  {0,1,0}     33    1
41    944     3    15  0.404344  {1,0,0}     39    1
30    959   210   211  0.465705  {0,2,0}     26    1
85    959   247   249  0.658854  {0,1,0}     20    1
125   961   236   238  0.552203  {0,2,0}     36    0
44    965    63    64  0.539637  {1,1,0}     23    0
54    965    93    94  0.327107  {0,1,1}     26    0
80    978    17    22  0.808819  {1,1,0}     39    1
115   979   191   195  0.090719  {0,3,0}     33    0
105  1001   202   203  0.163255  {1,0,0}     26    1
67   1029    48    57  0.169411  {0,2,0}     32    1
14   1031   157   163  0.950680  {0,2,0}     24    1
52   1031    43    46  0.597632  {0,1,0}     26    1
51   1044    28    29  0.426568  {0,1,0}     34    0
100  1045    29    31  0.909425  {1,0,0}     25    1
71   1058    95    99  0.378529  {1,1,0}     23    1
1    1061    47    48  0.430493  {1,1,0}     29    1
38   1062    21    35  0.089800  {0,1,0}     34    1
0    1070   136   146  0.777677  {0,3,0}     35    0
89   1070   141   142  0.117623  {1,0,0}     28    1
60   1078    34    41  0.169048  {1,0,0}     26    1
74   1098   189   190  0.449820  {0,2,0}     24    0
91   1103   191   195  0.384222  {0,3,0}     25    1
103  1119   136   137  0.853489  {1,1,0}     23    1
116  1119    92    93  0.993001  {1,1,0}     30    1
34   1127   223   224  0.620192  {0,1,0}     23    1
10   1127    97   112  0.464020  {0,3,0}     24    1
45   1137   155   156  0.971132  {1,1,0}     32    1
75   1149   198   199  0.803405  {0,1,0}     37    1
87   1151    94    95  0.067341  {0,3,0}     34    1
36   1180   218   225  0.308481  {0,0,1}     25    0
92   1184   213   214  0.874889  {1,3,0}     29    1
99   1186   252   253  0.071591  {0,0,1}     31    0
13   1186    29    30  0.933065  {0,2,0}     39    1
98   1191   240   241  0.425914  {0,2,0}     22    0
114  1217   166   175  0.361805  {0,0,1}     28    0
97   1222   234   239  0.782101  {0,3,0}     25    1
2    1224   225   226  0.604360  {0,1,1}     29    0
6    1238   179   184  0.998431  {0,1,0}     36    1
110  1262    99   100  0.473044  {1,1,0}     25    1
29   1282    67    68  0.271788  {0,2,0}     28    0
49   1289    86    87  0.401615  {0,1,0}     37    0
69   1300   101   102  0.546867  {0,3,0}     38    0
83   1309    68    69  0.973196  {1,1,0}     28    1
8    1317    76    77  0.066083  {0,1,0}     28    1
78   1354    68    69  0.208783  {1,0,0}     38    1
118  1381    99   100  0.921673  {0,3,0}     39    0
16   1401   234   235  0.892165  {0,2,0}     36    1
