map EGL-G1-C
fac 5 10 {0,105,229,126,39}
hosp 2 {0,29}
n_ALS 6 1 {2:0,1:105,3:39}
n_BLS 19 1 {8:0,2:105,1:229,3:126,5:39}
n_CLS 7 0 {3:105,1:229,1:126,2:39}
      c_m  head  tail      c_af      c_d  c_tau  c_h
73     20   115   122  0.386061  {1,0,0}     27    1
46     43    63    64  0.640387  {0,1,0}     25    1
115    81    73    74  0.380921  {0,3,0}     33    0
109    87    98   131  0.494968  {1,1,0}     30    1
113    87    15    17  0.780043  {0,1,0}     36    1
19     91    60    67  0.027175  {1,1,0}     37    1
12     94   188   189  0.854608  {1,1,0}     37    1
13     98    36    37  0.035728  {1,1,0}     33    1
20    103   120   121  0.216583  {1,0,0}     33    1
2     105    50    53  0.540708  {1,0,0}     34    1
42    119    27    30  0.782221  {0,3,0}     25    1
95    130   145   146  0.962063  {0,2,0}     33    0
57    134    84   100  0.894059  {0,3,0}     33    1
74    154    67    68  0.239416  {0,3,0}     37    1
125   199   245   246  0.992211  {0,1,0}     30    1
3     212   139   141  0.759645  {1,1,0}     36    1
4     281   169   173  0.198362  {0,1,0}     36    0
72    288    10    41  0.001831  {0,1,0}     37    1
8     318   108   109  0.780473  {1,0,0}     32    1
91    389    68    79  0.812051  {0,3,0}     28    1
87    442    32    34  0.640725  {1,1,0}     38    1
93    505   147   148  0.001806  {0,1,0}     33    0
34    519   162   167  0.946764  {0,3,0}     39    0
70    527   196   203  0.258997  {1,1,0}     22    1
99    569   145   146  0.999463  {1,0,0}     35    1
60    583    66    67  0.882120  {0,3,0}     25    1
33    586   244   249  0.367849  {0,2,0}     27    1
76    613   105   107  0.560801  {1,0,0}     36    1
83    615   103   104  0.842712  {0,1,0}     31    1
116   615   198   200  0.496299  {0,3,0}     21    1
68    618    50    52  0.191151  {1,0,0}     40    1
98    618   196   197  0.784914  {0,0,1}     36    0
30    620    49    56  0.970061  {1,1,0}     24    1
15    620   160   163  0.500671  {0,1,0}     36    1
101   623   103   104  0.715501  {1,1,0}     26    1
25    628   223   224  0.482137  {1,1,0}     30    1
44    663     1     2  0.699525  {1,0,0}     20    1
94    667   127   128  0.406422  {0,1,0}     27    1
66    668    54    58  0.855274  {0,2,0}     25    1
0     669   246   248  0.019723  {0,2,0}     28    0
9     670     7    30  0.779075  {1,0,0}     20    1
67    678    78    79  0.650870  {0,3,0}     33    1
23    690   171   172  0.284917  {1,0,0}     31    1
121   691    66    67  0.181706  {0,0,1}     31    0
51    699   125   126  0.275043  {1,0,0}     24    1
35    704   232   234  0.174631  {1,1,0}     27    1
14    716    83    85  0.031764  {0,2,0}     40    1
112   727    61    62  0.910053  {1,1,0}     33    1
122   734   107   108  0.187419  {0,1,1}     23    1
92    736   125   126  0.772275  {1,0,0}     26    1
106   745   207   208  0.228320  {1,3,0}     20    1
102   745   145   146  0.635466  {0,1,0}     39    0
17    752    14    15  0.396752  {0,1,1}     40    1
85    754   190   192  0.254647  {1,0,0}     30    1
29    759    30    33  0.308124  {0,3,0}     30    0
50    770   127   128  0.969120  {0,0,1}     35    0
104   771   227   228  0.635190  {1,0,0}     24    1
49    777   167   175  0.287395  {0,1,0}     30    1
64    785   122   123  0.630338  {1,0,0}     35    1
7     787   234   236  0.210014  {0,0,1}     36    0
27    787   178   179  0.886218  {1,0,0}     34    1
52    799   164   165  0.398942  {0,3,0}     22    1
82    800   153   156  0.801704  {0,1,0}     21    1
117   819    77    78  0.810111  {0,2,0}     28    0
119   829   144   147  0.700308  {0,1,0}     36    1
41    841    22    24  0.069544  {1,3,0}     33    1
56    844   228   229  0.157915  {0,1,0}     20    1
75    854    56    57  0.237864  {0,2,0}     22    0
21    878   123   124  0.316959  {1,1,0}     30    1
22    891   198   199  0.842532  {0,1,0}     22    0
58    895   152   153  0.557848  {0,2,0}     21    1
103   895    23    86  0.912377  {0,3,0}     22    0
55    899   228   229  0.744579  {0,1,0}     21    0
43    917    75    76  0.700324  {1,0,0}     30    1
111   929   153   157  0.184879  {0,3,0}     40    0
39    932   194   195  0.318490  {1,1,0}     38    1
38    939    77    78  0.566673  {0,0,1}     29    1
62    958    83    85  0.299119  {1,1,0}     24    1
123   961     9    34  0.478207  {0,2,0}     32    0
63    961   153   156  0.063184  {0,1,0}     23    0
86    963    13    14  0.942674  {0,1,1}     27    0
48    981    70    72  0.361457  {0,2,0}     25    1
88    994   128   129  0.362395  {0,2,0}     40    0
40    997   211   213  0.573715  {1,1,0}     35    1
118   999   194   195  0.927275  {1,0,0}     39    1
79   1000    96    97  0.952468  {0,1,0}     33    0
28   1015   173   181  0.621707  {1,0,0}     36    1
47   1017     0     1  0.178835  {1,0,0}     27    1
24   1022    32    34  0.959441  {0,3,0}     22    1
69   1046   237   238  0.103648  {0,3,0}     35    1
18   1048   210   212  0.869808  {0,1,1}     21    0
31   1055   162   166  0.084770  {1,0,0}     27    1
53   1070    22    24  0.650425  {0,2,0}     34    0
124  1096    43    45  0.060018  {0,1,1}     37    0
59   1098    98    99  0.383683  {0,2,0}     31    1
10   1102    65    92  0.780463  {0,2,0}     32    0
96   1107   155   161  0.355465  {1,0,0}     22    1
11   1107   193   194  0.765912  {1,0,0}     22    1
26   1116   161   162  0.760152  {0,2,0}     28    1
126  1118   166   167  0.427583  {0,1,0}     38    1
105  1140   128   137  0.407852  {0,1,0}     32    1
65   1142   146   147  0.287363  {1,1,0}     39    1
6    1146   196   203  0.146995  {1,0,0}     21    1
120  1146     2    14  0.558097  {0,3,0}     26    0
54   1166   151   152  0.903185  {0,2,0}     33    1
16   1175   178   182  0.378972  {0,3,0}     28    1
110  1199     5     6  0.414216  {0,3,0}     25    1
45   1209   245   246  0.324234  {0,1,0}     35    0
100  1217    48    49  0.181797  {1,0,0}     21    1
114  1217    92    93  0.729473  {0,2,0}     31    0
108  1221   232   233  0.414779  {1,1,0}     39    1
5    1226   162   166  0.337913  {1,1,0}     33    1
127  1231    90    95  0.728189  {1,1,0}     31    1
80   1235    97   126  0.685462  {0,1,1}     39    1
1    1236   118   119  0.135856  {1,1,0}     35    1
84   1243    68    79  0.825004  {0,1,1}     35    0
71   1284   163   164  0.031666  {1,0,0}     37    1
32   1292   120   154  0.330048  {1,0,0}     28    1
78   1299   240   242  0.230297  {0,3,0}     34    1
107  1303   228   229  0.096388  {0,0,1}     26    1
77   1310    91    92  0.046421  {0,1,0}     21    1
37   1332    38    40  0.231815  {0,3,0}     28    1
61   1337    48    57  0.031020  {1,3,0}     21    1
36   1354   129   130  0.443004  {1,3,0}     36    1
90   1367   237   238  0.072942  {0,2,0}     39    0
89   1386   245   246  0.353125  {0,1,0}     21    1
97   1412   242   245  0.935776  {0,1,1}     28    1
81   1419   189   190  0.924067  {0,1,0}     37    0
