map EGL-G1-D
fac 5 10 {0,39,199,103,231}
hosp 1 {0}
n_ALS 7 1 {1:0,3:39,1:199,1:103,1:231}
n_BLS 22 1 {3:0,6:39,2:199,5:103,6:231}
n_CLS 7 0 {1:39,1:199,3:103,2:231}
      c_m  head  tail      c_af      c_d  c_tau  c_h
113     4   240   241  0.365439  {0,2,0}     25    1
81     15   165   166  0.482151  {0,1,0}     21    1
47     20    55    56  0.577950  {0,3,0}     32    0
61     48   204   209  0.349304  {1,0,0}     28    1
107    87   158   160  0.010854  {0,1,0}     38    0
87    107   193   194  0.507265  {0,1,0}     26    0
44    126   139   140  0.052052  {0,1,0}     29    1
26    131    65    66  0.376612  {0,3,0}     25    0
117   152   232   233  0.777374  {1,0,0}     22    0
67    198    40    41  0.868995  {1,0,0}     33    1
19    217   127   138  0.389563  {1,1,0}     34    1
31    301    34    41  0.424412  {0,1,0}     21    0
68    324   157   158  0.304808  {0,3,0}     35    1
10    329    61    62  0.262130  {1,0,0}     40    1
114   335   124   125  0.948468  {0,3,0}     22    0
23    337   137   138  0.171627  {0,2,0}     38    1
43    338    78    79  0.895612  {0,0,1}     21    0
29    367   189   241  0.750747  {1,0,0}     39    1
34    374   244   249  0.701829  {0,1,1}     25    0
88    376   219   221  0.779567  {1,0,0}     40    1
59    392    38    40  0.558078  {0,2,0}     29    1
41    413   155   161  0.356577  {0,1,0}     21    0
72    483    98    99  0.842046  {1,0,0}     22    1
20    486   138   139  0.053467  {0,3,0}     20    0
56    486    56    57  0.137195  {0,2,0}     26    1
124   513    27    28  0.145936  {0,3,0}     36    1
112   516   112   114  0.480868  {0,1,0}     36    0
102   521   105   107  0.957962  {0,1,1}     37    1
74    535   177   184  0.569557  {1,1,0}     34    1
84    542    69    70  0.720907  {0,0,1}     34    0
80    549   103   113  0.676889  {0,1,0}     29    0
126   573   164   165  0.375615  {0,1,0}     39    1
25    574   244   248  0.109551  {0,0,1}     26    1
22    588   223   224  0.342636  {1,1,0}     30    1
111   598    12    16  0.704907  {1,0,0}     22    1
76    616   225   227  0.791990  {1,0,0}     23    1
108   620    23    86  0.552037  {0,3,0}     40    1
106   631    50    51  0.482018  {0,2,0}     21    1
79    635   196   197  0.258033  {0,1,1}     38    1
3     641   185   186  0.006155  {0,3,0}     32    0
11    642   213   214  0.326066  {0,3,0}     34    1
1     648     6    27  0.100000  {1,0,0}     37    1
0     652    70    72  0.914574  {0,1,0}     33    0
39    670   156   160  0.635939  {0,1,0}     39    1
120   674   115   116  0.114791  {1,0,0}     35    1
50    675    89    91  0.984095  {0,2,0}     27    0
37    677   165   166  0.858143  {0,1,0}     39    1
71    687   195   197  0.153947  {0,2,0}     28    0
30    693    38    40  0.785400  {0,1,0}     24    1
40    700    23   149  0.435485  {1,1,0}     29    1
75    700   211   213  0.737951  {0,3,0}     35    1
96    707   176   180  0.564891  {0,1,0}     23    1
2     710   106   108  0.161045  {1,0,0}     32    1
125   725   225   227  0.787202  {1,1,0}     21    1
8     729   176   179  0.102928  {1,0,0}     26    1
115   731   153   156  0.165770  {1,1,0}     29    1
118   734    39    40  0.031080  {0,2,0}     21    1
28    753   189   190  0.468748  {1,1,0}     33    1
49    754   119   161  0.322963  {1,1,0}     21    1
66    754   161   162  0.492829  {0,2,0}     30    1
42    757   219   221  0.761449  {0,3,0}     37    1
122   762    94    98  0.544439  {0,1,0}     26    0
12    767    29    31  0.213753  {1,0,0}     33    1
13    771   134   146  0.033377  {0,3,0}     21    1
98    780   241   242  0.897268  {0,2,0}     37    0
109   781   222   225  0.873115  {0,1,0}     25    0
14    788    68    79  0.528921  {1,1,0}     23    0
101   796   222   223  0.144578  {0,1,0}     27    1
123   799   244   248  0.975465  {1,1,0}     40    1
55    803    32    34  0.359219  {1,0,0}     34    1
17    814   190   192  0.528139  {0,3,0}     31    1
48    814   177   178  0.666130  {1,0,0}     24    1
97    817    48    49  0.367001  {0,3,0}     20    0
82    826   228   230  0.547293  {1,1,0}     26    1
52    828   139   141  0.373406  {0,3,0}     31    1
38    829    17    19  0.518381  {1,0,0}     23    1
89    830   136   137  0.035287  {0,1,0}     28    0
100   843    39    52  0.811782  {0,3,0}     20    0
53    848   164   165  0.096229  {0,1,1}     28    0
93    848    81    82  0.551564  {1,3,0}     24    1
91    853     2    14  0.358131  {0,1,0}     40    0
110   864   212   218  0.713381  {1,0,0}     28    1
15    889   129   136  0.447545  {0,1,0}     27    0
103   898    12    13  0.576379  {0,2,0}     40    0
63    899    20    21  0.997723  {0,3,0}     35    1
60    901    65    92  0.452150  {0,3,0}     23    0
21    912   138   139  0.222809  {0,2,0}     22    0
90    923   179   180  0.706193  {1,1,0}     30    1
35    924   140   141  0.400882  {0,1,0}     24    0
6     927   161   162  0.236359  {1,0,0}     22    1
24    934   150   152  0.969036  {0,0,1}     32    1
94    961   226   227  0.208702  {1,1,0}     33    1
119   972   104   106  0.058143  {0,1,0}     20    1
92    987   194   195  0.179938  {1,3,0}     29    1
54    989    36    38  0.285302  {1,1,0}     34    1
16    990   225   248  0.620053  {0,1,0}     24    0
33    998    75    76  0.831430  {0,1,1}     20    1
36   1000    84   100  0.589410  {0,2,0}     32    1
4    1006   198   199  0.146816  {1,0,0}     34    1
5    1029   131   132  0.559685  {0,2,0}     26    0
70   1054     3    15  0.263763  {0,2,0}     32    1
105  1058    70    71  0.811104  {1,3,0}     31    0
57   1062   226   227  0.107434  {0,2,0}     36    1
86   1064    83    85  0.711379  {0,2,0}     31    1
73   1073    29    30  0.369005  {0,2,0}     28    0
18   1074   171   172  0.824432  {1,0,0}     20    1
78   1080   163   164  0.712921  {0,1,0}     40    1
46   1082   149   150  0.251978  {0,1,1}     20    1
7    1084    27    28  0.541946  {1,0,0}     31    1
116  1096   140   141  0.786125  {1,1,0}     39    1
95   1097   197   198  0.070324  {1,1,0}     37    1
58   1186    83    84  0.155800  {1,1,0}     40    1
99   1190    83    84  0.794662  {0,1,0}     31    1
51   1196    24    26  0.276380  {0,2,0}     38    1
69   1205   140   141  0.747276  {0,1,1}     39    0
65   1214   135   145  0.182250  {0,1,0}     32    0
104  1216   134   135  0.028110  {0,1,0}     40    0
45   1229   157   159  0.603849  {0,2,0}     22    1
9    1233   132   134  0.551748  {0,1,0}     27    1
127  1233    12    16  0.254236  {0,2,0}     37    1
64   1236   232   234  0.961353  {1,0,0}     24    1
62   1280   103   104  0.087348  {0,0,1}     23    0
121  1287   185   192  0.301716  {0,3,0}     34    1
32   1308     2    14  0.129320  {1,1,0}     39    1
85   1340   226   227  0.290635  {1,2,0}     40    1
83   1369   144   147  0.042946  {1,0,0}     29    1
77   1379   144   145  0.763693  {0,2,0}     23    1
27   1393    12    13  0.880146  {0,2,0}     34    1
