map EGL-G2-E
fac 5 10 {0,97,61,37,67}
hosp 1 {0}
n_ALS 10 1 {3:0,2:97,4:61,1:67}
n_BLS 25 1 {2:0,8:97,6:61,3:37,6:67}
n_CLS 5 0 {2:37,3:67}
      c_m  head  tail      c_af      c_d  c_tau  c_h
61     37   107   109  0.761259  {0,2,0}     33    0
113    52    66    67  0.662175  {0,2,0}     21    0
83     82   216   218  0.196889  {0,1,0}     31    0
7     108    10    11  0.690714  {1,1,0}     36    1
9     109    73    74  0.475114  {0,3,0}     37    0
26    120   234   235  0.831940  {1,0,0}     28    1
31    159    17    22  0.075215  {0,2,0}     31    0
56    182    10    41  0.191850  {0,2,0}     38    1
103   206   198   199  0.911376  {0,1,0}     26    1
102   247   165   166  0.021326  {0,1,0}     21    1
68    281   151   152  0.609002  {0,2,0}     24    0
69    326   108   109  0.387172  {1,1,0}     22    1
96    354    35    36  0.187021  {0,2,0}     28    1
105   401   105   106  0.317565  {0,1,0}     32    1
10    409    98   127  0.907401  {0,1,0}     35    1
44    436    45    64  0.623409  {1,0,0}     40    1
17    461    12    16  0.086933  {0,2,0}     24    1
12    463   231   232  0.183486  {0,1,1}     37    1
53    466   202   209  0.685337  {0,2,0}     31    1
18    476   197   200  0.637401  {0,3,0}     22    0
59    477   171   172  0.974808  {0,1,0}     36    1
106   494   130   131  0.508285  {0,1,0}     35    1
91    496   233   234  0.465237  {1,0,0}     27    1
79    503   201   202  0.644878  {0,3,0}     35    1
98    508    24    26  0.124071  {0,2,0}     22    1
21    515   170   174  0.067785  {0,2,0}     33    1
1     519   205   207  0.337601  {1,0,0}     28    1
28    553   250   251  0.512025  {0,1,0}     24    1
25    571   115   116  0.974628  {0,3,0}     33    1
11    579   208   210  0.194189  {0,1,0}     32    0
55    583     3     4  0.458671  {1,0,0}     40    1
33    613    32    34  0.255820  {0,1,0}     28    1
104   614    19    25  0.954797  {0,0,1}     33    0
126   616    27    30  0.322919  {1,1,0}     40    1
8     619     5     6  0.797184  {0,1,0}     28    0
49    621   190   192  0.917367  {0,2,0}     25    1
3     622   191   195  0.359612  {1,0,0}     26    1
115   626     2     3  0.926554  {0,1,0}     22    0
46    627    40    41  0.036002  {1,1,0}     31    1
38    633   228   230  0.056570  {1,0,0}     39    1
85    637   129   130  0.648103  {1,0,0}     33    1
45    642   192   193  0.883599  {0,3,0}     21    1
119   654   165   166  0.776753  {0,2,0}     20    1
2     671     6     7  0.464709  {1,1,0}     29    1
19    671   155   156  0.976838  {1,1,0}     39    1
125   672   186   188  0.192940  {0,2,0}     38    0
87    674     5    23  0.437107  {0,2,0}     37    1
6     691   234   239  0.877535  {0,1,0}     27    1
86    697   249   252  0.651090  {1,0,0}     21    1
111   701   246   247  0.611073  {1,1,0}     31    1
54    709    65    66  0.608476  {0,2,0}     20    1
35    711     5    26  0.371996  {0,3,0}     34    0
60    717   245   246  0.562121  {0,3,0}     31    1
30    721   139   140  0.279693  {0,3,0}     37    1
27    748   231   232  0.692038  {1,0,0}     30    1
36    749    43    44  0.282447  {1,0,0}     28    1
15    751   166   175  0.257661  {1,0,0}     22    1
107   780   174   189  0.402483  {1,0,0}     31    1
124   784    37    75  0.249323  {0,2,0}     29    1
20    784   251   252  0.020022  {0,1,0}     33    0
52    786   158   159  0.863539  {1,1,0}     20    1
14    790   113   115  0.455262  {0,1,0}     24    1
37    791   113   114  0.911009  {0,2,0}     26    1
22    825   128   129  0.320686  {0,1,0}     28    1
48    830   196   198  0.384484  {1,0,0}     34    1
92    847   108   109  0.857529  {0,3,0}     29    0
42    857    71    72  0.298921  {0,2,0}     21    1
40    869   233   234  0.780153  {1,0,0}     40    1
117   873   253   254  0.388657  {0,1,0}     27    0
75    881   125   126  0.130595  {1,0,0}     37    1
41    883     7    30  0.093554  {1,1,0}     23    1
29    893    56    57  0.064725  {0,1,1}     36    1
32    895    61    65  0.207258  {1,0,0}     25    1
34    897    12    16  0.813313  {0,2,0}     29    1
123   914    36    39  0.365415  {0,0,1}     40    0
65    917   117   118  0.098608  {1,1,0}     30    1
127   928    18    20  0.347094  {0,2,0}     33    1
80    930    11    42  0.087253  {0,2,0}     26    1
90    945   194   242  0.376165  {0,1,0}     22    0
51    949   113   114  0.484366  {0,2,0}     29    1
81    957    90    91  0.607089  {0,3,0}     23    1
72    957   170   171  0.531731  {1,0,0}     40    1
99    967     7     8  0.324214  {1,0,0}     20    1
62    972    61    65  0.907992  {1,1,0}     33    1
23    985     3    23  0.285549  {1,1,0}     39    1
4     990    81    82  0.384513  {0,2,0}     30    0
109  1002   117   118  0.916542  {0,1,0}     30    0
89   1004    39    73  0.881912  {0,3,0}     33    0
121  1008    61    65  0.278501  {0,2,0}     34    1
118  1012    19    20  0.687883  {0,1,1}     25    1
39   1033    12    16  0.564230  {0,1,0}     28    1
88   1051   178   185  0.885601  {0,2,0}     23    1
100  1059    78    79  0.523408  {0,1,0}     39    0
13   1068   125   152  0.634937  {0,2,0}     22    1
5    1074   218   225  0.586788  {0,1,0}     27    0
63   1076    76    77  0.086317  {0,1,0}     38    1
108  1090   253   254  0.910752  {0,1,1}     30    1
78   1091   175   176  0.573188  {0,2,0}     23    1
116  1101   101   102  0.059653  {0,1,0}     39    1
101  1118    91    92  0.744694  {0,1,0}     28    0
16   1134   217   219  0.521973  {0,3,0}     33    0
67   1137   234   239  0.332661  {0,1,0}     33    1
84   1143    99   132  0.918561  {0,2,0}     24    0
73   1158    60    68  0.907251  {0,2,0}     36    1
95   1162   217   219  0.038419  {1,0,0}     31    1
120  1167   164   169  0.738791  {1,3,0}     35    1
93   1174    99   100  0.878120  {0,3,0}     34    1
0    1185   174   189  0.730342  {1,1,0}     38    1
110  1186    59    60  0.348910  {0,2,0}     40    1
77   1189   120   170  0.185298  {0,1,1}     27    1
76   1215     8    33  0.189472  {0,2,0}     20    1
58   1245   154   157  0.485086  {0,1,0}     25    0
47   1256    47    64  0.757340  {0,2,0}     24    1
64   1261   196   197  0.992900  {1,0,0}     29    1
57   1269   197   199  0.865398  {0,2,0}     21    1
24   1286    61    62  0.922307  {1,1,0}     33    1
70   1348    23    87  0.559533  {1,1,0}     28    1
97   1361   198   199  0.163822  {0,1,1}     31    0
94   1363    16    18  0.048146  {0,2,0}     24    1
74   1370    76    77  0.279008  {0,2,0}     28    0
43   1379    94    95  0.321951  {0,1,0}     23    1
114  1385    39    52  0.531525  {1,1,0}     25    1
71   1393   127   128  0.752742  {1,2,0}     30    1
82   1402    87    88  0.862354  {1,0,0}     31    1
112  1414    40    41  0.017674  {1,1,0}     21    1
50   1418   151   152  0.277374  {1,2,0}     22    0
66   1431    19    20  0.281410  {1,1,0}     21    1
122  1439    94    95  0.476261  {0,1,0}     27    1
