map EGL-G2-A
fac 5 10 {0,120,117,215,175}
hosp 3 {0,190,84}
n_ALS 8 1 {1:0,3:120,1:117,1:215,2:175}
n_BLS 24 1 {4:0,4:120,4:117,5:215,7:175}
n_CLS 6 0 {1:0,2:120,1:117,1:215,1:175}
      c_m  head  tail      c_af      c_d  c_tau  c_h
33     38   106   108  0.563263  {0,1,0}     28    1
47     47   250   251  0.385255  {0,2,0}     31    1
65     51   247   249  0.209514  {1,0,0}     22    1
2      57     9    10  0.431760  {1,1,0}     24    1
41     76   226   229  0.757777  {0,1,0}     30    0
64     84   205   207  0.395664  {1,0,0}     25    1
77     97   174   182  0.419826  {0,1,0}     23    1
80    103    12    13  0.127692  {0,2,0}     37    1
98    146   197   200  0.120495  {0,1,1}     27    1
43    153   226   227  0.460186  {0,1,0}     23    0
44    162   219   223  0.205588  {1,0,0}     25    1
73    198   251   252  0.991028  {0,2,0}     22    1
118   226    91    96  0.417375  {1,2,0}     30    1
30    272   113   115  0.582460  {0,2,0}     24    0
0     273    93    94  0.356404  {0,1,0}     26    1
46    275    78    79  0.694097  {0,2,0}     37    1
39    281    82    85  0.625368  {0,3,0}     28    0
117   336    15    17  0.800643  {1,0,0}     33    1
84    377    13    14  0.884055  {0,3,0}     23    1
26    418    81    82  0.489391  {0,3,0}     29    1
36    434    85   101  0.386343  {0,3,0}     30    0
22    452   109   110  0.967796  {0,2,0}     27    1
124   468    23   237  0.764879  {1,0,0}     38    1
38    491    14    15  0.601774  {1,1,0}     35    1
63    513     7    30  0.521417  {0,1,0}     23    1
85    526   166   167  0.229652  {0,2,0}     40    0
5     527   216   217  0.812397  {0,3,0}     29    0
70    552     8    33  0.569227  {0,2,0}     33    0
67    558   126   127  0.784833  {0,3,0}     35    1
34    559   168   176  0.637200  {0,1,0}     20    1
103   567   143   144  0.314969  {0,2,0}     25    1
3     571   213   215  0.685191  {0,1,1}     25    1
56    581    34    41  0.656616  {0,2,0}     29    1
71    612   196   198  0.908589  {0,2,0}     28    0
83    616    66    93  0.359232  {0,3,0}     34    0
115   621    97   115  0.582917  {1,0,0}     31    1
40    622   116   117  0.395742  {0,2,0}     37    0
20    633   226   251  0.606668  {0,3,0}     33    1
52    634   240   242  0.904248  {0,3,0}     36    0
53    642    27    28  0.083456  {0,3,0}     33    0
27    662   166   178  0.237969  {1,1,0}     25    1
50    667   190   191  0.205736  {1,1,0}     32    1
76    668    86    87  0.432200  {0,2,0}     32    0
29    682     9    34  0.009350  {0,0,1}     25    0
81    698   157   163  0.171782  {0,3,0}     26    1
49    706    97    98  0.830296  {1,1,0}     20    1
57    709   240   241  0.523135  {1,0,0}     22    1
10    710     2     3  0.461045  {0,1,0}     23    1
21    717   168   176  0.538055  {0,1,0}     28    0
58    731    66    92  0.633281  {0,3,0}     31    1
88    733    66    93  0.406872  {0,1,0}     27    1
8     738   154   157  0.479337  {0,1,1}     34    1
4     738   185   187  0.691384  {0,1,0}     21    1
92    740   179   180  0.930536  {1,1,0}     38    1
113   743   196   197  0.661165  {0,3,0}     31    0
68    745   194   242  0.650670  {1,0,0}     27    1
123   748    31    32  0.455499  {0,3,0}     23    1
72    750     4    22  0.791845  {0,2,0}     30    1
17    753     1     2  0.352025  {0,1,0}     23    1
37    756   117   118  0.323006  {0,2,0}     23    0
108   758   151   153  0.567387  {0,2,0}     29    1
121   766   202   203  0.261270  {0,1,0}     35    1
94    781   223   224  0.887510  {0,2,0}     29    1
18    783    26    28  0.927989  {0,1,0}     36    0
116   786   130   131  0.788742  {0,2,0}     26    1
66    789   166   167  0.442646  {1,0,0}     33    1
1     793    23   237  0.585870  {1,1,0}     33    1
7     800    60    68  0.887787  {0,1,0}     29    0
24    813   115   116  0.208401  {0,1,1}     29    1
60    814    99   131  0.356427  {1,1,0}     30    1
126   818    70    71  0.755347  {1,1,0}     31    1
107   822    48    49  0.553661  {0,2,0}     29    1
86    858   246   247  0.868288  {0,0,1}     32    0
125   860    29    31  0.927782  {0,1,0}     38    0
14    879   127   128  0.153213  {0,0,1}     34    0
95    883   185   186  0.710559  {0,1,0}     39    1
69    884     2     3  0.506251  {0,3,0}     24    1
127   899   115   116  0.668841  {0,3,0}     30    1
19    909     2    14  0.063150  {0,0,1}     31    1
106   911   190   192  0.552513  {0,1,0}     25    0
42    913    57    61  0.844470  {0,0,1}     28    0
11    925   106   118  0.360491  {0,2,0}     21    1
93    928    47    48  0.525520  {0,3,0}     20    1
90    961   237   238  0.855635  {0,3,0}     34    0
87    962   174   182  0.319539  {0,3,0}     24    1
99    969    72    73  0.155254  {0,3,0}     24    1
55    979    30    33  0.711666  {1,0,0}     22    1
28    982   105   107  0.858917  {1,1,0}     20    1
120   986    68    69  0.088353  {0,2,0}     39    1
119  1018    60    68  0.935995  {1,1,0}     40    1
82   1018   146   147  0.876247  {0,1,1}     24    1
96   1019   135   147  0.146076  {0,2,0}     27    1
23   1025   201   202  0.856882  {0,1,1}     38    0
61   1056   244   253  0.654328  {0,2,0}     24    0
97   1087    24    26  0.688881  {0,1,0}     37    1
104  1092    48    57  0.458012  {0,3,0}     38    0
75   1093   205   208  0.549529  {0,1,0}     21    0
78   1098   137   138  0.064189  {1,1,0}     30    1
31   1101   106   108  0.180969  {0,1,0}     34    0
112  1110   185   187  0.280414  {0,2,0}     38    1
62   1130    40    41  0.986842  {0,3,0}     23    0
59   1135    48    49  0.290238  {1,0,0}     21    1
45   1137    28    29  0.843464  {0,1,0}     32    1
15   1137    82    83  0.460803  {0,1,0}     37    0
13   1139     2     3  0.850688  {0,1,0}     38    0
105  1146    99   132  0.058347  {0,3,0}     32    1
109  1158    43    46  0.079433  {0,1,0}     32    0
25   1159    68    69  0.589601  {1,0,0}     33    1
122  1167   209   216  0.773025  {0,2,0}     20    0
16   1174    25    26  0.853094  {0,1,0}     39    0
51   1180    84    86  0.323948  {0,1,0}     37    1
89   1192    68    69  0.319563  {0,2,0}     34    1
6    1212   202   209  0.744652  {1,0,0}     21    1
54   1244    97    98  0.820905  {0,2,0}     21    0
101  1274   216   218  0.452450  {1,1,0}     39    1
74   1282   195   248  0.007319  {0,1,0}     40    1
32   1287   113   115  0.700502  {1,1,0}     29    1
110  1323    46    47  0.401860  {0,1,0}     20    0
79   1324    36    37  0.323017  {0,2,0}     28    0
114  1343   145   146  0.642419  {0,1,0}     23    1
100  1349   196   198  0.710120  {0,2,0}     35    1
102  1351   125   126  0.152183  {0,2,0}     22    0
48   1354    50    52  0.853899  {1,1,0}     23    1
91   1360   223   224  0.369044  {0,1,0}     36    0
111  1402    47    48  0.965357  {0,2,0}     25    0
35   1421   130   131  0.519546  {0,2,0}     23    0
12   1425     8     9  0.434233  {1,3,0}     24    1
9    1437   111   114  0.535457  {0,0,1}     35    0
