map EGL-G1-D
fac 5 10 {0,246,145,43,81}
hosp 1 {0}
n_ALS 6 1 {2:0,2:145,1:43,1:81}
n_BLS 19 1 {8:0,1:246,1:145,5:43,4:81}
n_CLS 9 0 {2:246,4:145,3:81}
      c_m  head  tail      c_af      c_d  c_tau  c_h
110    32   210   212  0.358141  {0,1,1}     22    0
22     52   237   240  0.059763  {0,2,0}     23    1
91     88    18    20  0.089262  {0,3,0}     33    0
42     95   121   122  0.463108  {0,1,0}     24    0
27     96    61    62  0.926433  {0,2,0}     23    0
119   104     7    30  0.981302  {0,2,0}     21    0
5     149    23   229  0.214717  {0,1,0}     38    1
82    151    89    90  0.007616  {0,2,0}     20    1
81    208    73    75  0.725243  {1,1,0}     24    1
67    258   165   174  0.127487  {0,1,0}     34    1
35    293    19    25  0.169566  {0,1,1}     25    0
93    308    60    67  0.645490  {0,3,0}     36    1
43    320    78    79  0.508836  {1,0,0}     23    1
124   345    43    45  0.034394  {1,0,0}     28    1
106   369   158   160  0.749836  {0,2,0}     22    0
97    369   156   162  0.675112  {1,3,0}     37    1
118   415   210   212  0.951873  {0,2,0}     22    1
21    418    70    72  0.464232  {0,2,0}     38    0
45    460   151   152  0.025590  {0,1,0}     23    1
8     462    39    52  0.094231  {0,1,0}     32    0
52    466   219   221  0.115523  {0,1,0}     30    1
14    477    22    24  0.598065  {0,0,1}     33    1
55    489    68    69  0.193890  {0,1,0}     25    0
65    494    23    86  0.140698  {0,1,0}     38    1
57    497   163   168  0.312437  {0,3,0}     27    0
80    515   225   226  0.974288  {1,0,0}     38    1
56    544   125   149  0.532215  {0,1,1}     28    0
40    556    32    34  0.419459  {0,1,0}     23    0
98    573    46    47  0.421804  {1,0,0}     33    1
72    594    23    86  0.637577  {0,2,0}     26    0
89    598   215   216  0.777674  {0,1,0}     21    1
53    609   114   115  0.507643  {0,2,0}     27    1
102   617   207   209  0.185911  {0,0,1}     39    0
107   623    89    90  0.496499  {0,3,0}     40    0
78    628    37    74  0.824445  {0,2,0}     40    1
32    634   246   247  0.403631  {0,2,0}     23    0
74    646   195   196  0.203216  {0,1,0}     21    1
2     648    24    26  0.755752  {0,2,0}     32    1
71    654    17    22  0.551222  {0,2,0}     25    1
31    658   120   121  0.199995  {0,0,1}     32    1
9     664   106   108  0.475100  {1,1,0}     23    1
123   668    46    47  0.355260  {0,3,0}     27    1
12    675    36    38  0.123880  {0,1,0}     35    1
77    676   244   249  0.247493  {0,1,0}     32    1
28    685    23   149  0.562669  {1,0,0}     29    1
46    687     0     1  0.178282  {1,1,0}     20    1
111   690    31    32  0.685052  {1,1,0}     30    1
37    699   245   246  0.522217  {0,1,0}     20    1
11    716    32    33  0.155810  {0,1,0}     40    0
99    717   189   241  0.319258  {0,1,1}     20    1
18    722    30    33  0.575379  {0,0,1}     20    0
54    723    28    29  0.122212  {0,1,0}     34    0
100   734   185   192  0.564709  {0,1,0}     36    1
13    735   156   160  0.521407  {1,0,0}     37    1
60    747   123   124  0.472874  {0,3,0}     22    0
120   769   177   184  0.397200  {0,3,0}     39    1
117   780    82    83  0.258377  {0,2,0}     39    1
20    787   199   201  0.639317  {0,2,0}     27    1
88    796   241   242  0.493378  {1,2,0}     20    1
39    802   199   202  0.115070  {1,0,0}     34    0
24    806   123   124  0.933372  {0,2,0}     40    0
25    816   163   164  0.517985  {0,1,0}     32    1
115   843     8    33  0.376315  {0,2,0}     23    0
51    847   177   184  0.559690  {1,0,0}     22    1
70    853   174   176  0.385937  {0,3,0}     28    1
66    863   146   147  0.106531  {1,0,0}     22    1
121   864    37    74  0.812204  {1,1,0}     21    1
109   878   140   141  0.968326  {1,0,0}     24    1
105   879    45    46  0.962169  {1,0,0}     37    1
63    880    56    57  0.949147  {0,1,0}     26    1
30    918   212   243  0.334153  {0,3,0}     26    1
108   923   190   191  0.617207  {1,0,0}     28    1
38    923     6    27  0.680880  {0,3,0}     35    1
84    928   210   212  0.454511  {0,1,0}     22    0
17    930   238   240  0.497178  {0,1,0}     27    1
127   932   234   236  0.807443  {1,1,0}     34    1
48    935   180   181  0.494939  {1,3,0}     22    1
96    937   211   212  0.391958  {0,3,0}     30    0
34    968    45    46  0.923145  {1,2,0}     20    1
16    981   220   222  0.286521  {1,0,0}     24    1
69    986    54    58  0.543663  {0,3,0}     23    1
86    986   244   245  0.407333  {1,1,0}     37    1
41    994    11    42  0.918756  {0,2,0}     35    1
125  1012    53    55  0.160227  {0,3,0}     37    1
83   1012   116   120  0.367018  {0,2,0}     22    1
49   1013   132   134  0.092459  {0,1,1}     32    0
116  1024     2    14  0.655260  {0,1,1}     27    0
90   1024     3    15  0.565014  {1,1,0}     30    1
92   1032    83    84  0.063269  {0,2,0}     24    1
15   1039   120   154  0.463433  {0,1,0}     23    1
36   1048    12    13  0.829826  {0,2,0}     25    0
59   1048   213   216  0.499301  {0,3,0}     35    0
122  1048   125   126  0.816910  {1,1,0}     25    1
75   1049   134   135  0.556389  {1,1,0}     32    1
85   1051    86    87  0.681160  {0,3,0}     26    1
101  1054   225   248  0.564005  {0,1,0}     29    0
61   1063   210   211  0.435839  {0,1,0}     20    1
3    1076   151   152  0.431172  {0,3,0}     39    0
44   1079   102   103  0.415749  {0,2,0}     21    0
6    1087    70    71  0.756145  {0,2,0}     30    1
112  1100     9    10  0.029639  {0,1,0}     37    1
73   1107    32    34  0.580221  {0,3,0}     21    1
95   1113   232   233  0.551206  {0,1,0}     31    0
103  1126     7    30  0.957505  {0,1,0}     34    0
64   1127     2    14  0.619623  {0,1,1}     23    1
94   1141   170   171  0.268456  {1,0,0}     36    1
29   1143    32    33  0.227269  {0,3,0}     38    1
50   1144   129   136  0.795289  {0,1,1}     24    0
126  1154   207   208  0.179985  {1,0,0}     29    1
1    1165   234   235  0.678410  {0,0,1}     38    1
33   1170   210   212  0.363592  {0,1,0}     20    0
62   1192    80    81  0.307822  {0,3,0}     28    0
104  1197   117   118  0.983253  {0,2,0}     34    1
113  1212   142   143  0.469814  {0,2,0}     29    1
26   1214   129   130  0.806070  {1,2,0}     26    1
7    1241    23    86  0.686633  {1,0,0}     38    1
79   1251   102   110  0.506367  {0,2,0}     38    0
23   1284   115   116  0.514527  {0,1,0}     27    0
47   1287   104   106  0.151864  {0,1,1}     40    0
87   1289    88    96  0.597241  {0,2,0}     32    0
0    1303    37    74  0.829965  {0,1,0}     24    0
76   1325    70    71  0.416013  {0,3,0}     23    1
58   1342   190   192  0.332435  {0,1,0}     34    1
10   1353   149   150  0.310922  {0,2,0}     28    0
68   1382    89    91  0.581463  {0,1,1}     37    1
19   1391   222   223  0.798959  {1,0,0}     27    1
4    1399   165   166  0.303704  {0,3,0}     21    1
114  1407   232   234  0.677406  {1,1,0}     23    1
