map EGL-G2-A
fac 5 10 {0,163,76,69,84}
hosp 2 {0,23}
n_ALS 7 1 {2:0,1:76,2:69,2:84}
n_BLS 17 1 {4:163,4:76,5:69,4:84}
n_CLS 9 0 {1:0,2:163,1:76,3:69,2:84}
      c_m  head  tail      c_af      c_d  c_tau  c_h
57     49   203   204  0.961914  {0,2,0}     29    0
33     69    31    32  0.739835  {0,2,0}     28    1
21     75   226   229  0.526170  {0,1,1}     40    0
49     89     3    23  0.556753  {1,0,0}     25    0
95     94   227   231  0.808567  {0,0,1}     24    1
55    102   130   131  0.013489  {1,0,0}     21    1
64    125   126   150  0.214809  {0,1,1}     34    1
79    131   132   133  0.211697  {0,1,1}     30    1
125   138   165   166  0.420480  {0,1,0}     23    0
10    147    82    85  0.927807  {0,1,1}     20    1
110   160    69    70  0.527082  {0,2,0}     24    1
76    187    82    83  0.141726  {0,1,0}     20    1
102   201    62    63  0.808715  {0,2,0}     27    1
29    202   174   182  0.745441  {1,0,0}     32    1
78    242   202   203  0.494411  {0,1,0}     34    1
56    243   234   235  0.200498  {0,3,0}     20    1
35    281   152   153  0.399519  {1,0,0}     34    1
61    320   192   193  0.459237  {0,1,0}     20    1
86    343     5    26  0.062250  {0,2,0}     30    1
119   370    67    69  0.836371  {1,0,0}     26    1
42    382   140   142  0.080572  {0,1,1}     30    0
98    402   201   202  0.822665  {0,0,1}     25    1
15    424   168   176  0.878926  {1,0,0}     21    1
59    457    72    73  0.517053  {0,2,0}     23    1
30    482    91    92  0.231088  {0,1,0}     36    1
4     501   203   204  0.517537  {0,0,1}     35    1
106   503   250   251  0.693558  {0,2,0}     37    1
28    535   222   223  0.555022  {0,2,0}     35    1
124   549    54    55  0.713232  {1,0,0}     24    1
45    565   202   203  0.808510  {0,0,1}     22    0
25    572   243   245  0.762912  {0,1,0}     32    1
41    586   247   248  0.029398  {0,1,0}     36    0
82    604   239   243  0.377159  {0,1,1}     39    0
24    616   142   143  0.456177  {0,3,0}     24    1
5     629    54    58  0.922349  {0,3,0}     38    0
54    631    65    66  0.972096  {1,1,0}     39    1
99    643   208   209  0.104852  {0,1,0}     34    0
20    644   216   218  0.277134  {0,1,0}     22    1
87    649   139   140  0.083696  {0,2,0}     21    1
93    652     9    10  0.953124  {0,2,0}     31    1
12    655    26    28  0.385299  {0,2,0}     40    1
72    665    50    53  0.333543  {0,0,1}     37    0
43    666     5    26  0.487579  {0,2,0}     25    1
23    667     3    23  0.316369  {0,1,0}     34    1
51    668    40    41  0.330897  {1,1,0}     32    1
0     680   136   137  0.606254  {0,1,0}     20    1
81    683   234   239  0.580240  {1,1,0}     20    1
112   685   250   251  0.448572  {0,3,0}     34    1
58    691   239   244  0.423160  {0,1,0}     25    1
123   695   123   124  0.856007  {0,1,0}     29    0
63    695   223   224  0.243552  {0,2,0}     39    1
11    702    53    54  0.210183  {0,3,0}     31    1
1     704   104   114  0.425854  {1,1,0}     40    0
122   719   249   252  0.554382  {0,2,0}     25    0
38    720    99   100  0.678903  {1,1,0}     36    1
32    722   227   233  0.863690  {0,3,0}     37    1
60    740   197   199  0.199391  {0,2,0}     31    1
85    743    43    45  0.071706  {1,1,0}     38    1
103   747   154   157  0.329450  {0,1,0}     25    0
39    758   133   134  0.489567  {0,3,0}     27    0
80    764   193   246  0.802824  {0,1,0}     26    1
75    768   161   165  0.313814  {0,2,0}     24    0
114   770    16    17  0.787041  {0,3,0}     23    1
94    786   237   238  0.755509  {0,1,0}     22    1
90    786    18    19  0.721287  {1,1,0}     40    1
8     789   228   229  0.226044  {0,1,0}     21    0
50    790    51    52  0.035083  {0,2,0}     35    1
48    791   101   112  0.685764  {0,3,0}     29    1
118   804   126   150  0.115542  {0,1,0}     35    1
83    810    78    79  0.728681  {0,3,0}     37    1
14    812   174   183  0.785883  {0,3,0}     24    0
19    818   125   126  0.823871  {1,1,0}     34    0
127   827    73    74  0.769077  {1,0,0}     21    1
26    850   161   164  0.107063  {1,1,0}     40    1
101   855    22    24  0.394843  {0,3,0}     26    0
37    884     9    34  0.715263  {0,2,0}     20    1
84    887    38    40  0.925992  {0,1,1}     38    0
18    898    36    37  0.570774  {0,3,0}     38    1
62    904   145   146  0.051124  {0,2,0}     36    0
31    910   157   161  0.517278  {0,0,1}     24    0
27    912   226   229  0.927748  {0,2,0}     35    1
116   912   190   192  0.641358  {0,1,0}     38    0
105   913   142   143  0.580792  {0,3,0}     20    1
70    928    34    41  0.594178  {1,1,0}     37    1
17    942   117   119  0.373203  {0,2,0}     38    1
97    962   128   129  0.151223  {1,1,0}     27    1
107   967   185   187  0.424677  {0,1,0}     26    0
6     978   170   174  0.274254  {0,3,0}     35    1
115   981   192   194  0.715741  {1,0,0}     21    1
46    981   125   152  0.067424  {0,2,0}     25    1
52    987     6     7  0.185935  {0,1,0}     26    0
13   1004   125   126  0.009331  {0,0,1}     21    0
88   1009   242   243  0.317348  {1,0,0}     38    1
89   1027   175   176  0.944497  {0,1,0}     34    1
120  1032   166   167  0.353890  {1,1,0}     29    1
117  1033   175   176  0.559379  {0,1,0}     21    1
7    1044    27    28  0.604762  {0,0,1}     26    1
22   1069    43    44  0.747223  {1,1,0}     25    1
92   1072   139   140  0.151694  {0,1,0}     20    0
100  1073     5    26  0.821369  {1,1,0}     24    1
71   1102    56    57  0.121316  {1,3,0}     31    1
108  1117    96    98  0.104188  {0,2,0}     22    1
111  1142   233   234  0.538491  {0,1,0}     32    1
68   1145    24    26  0.133503  {0,2,0}     34    1
53   1155   208   210  0.895169  {0,3,0}     21    0
40   1168   132   133  0.885971  {1,0,0}     40    1
16   1169    71    72  0.851322  {1,1,0}     22    1
126  1169    31    32  0.223175  {0,2,0}     22    1
77   1172   131   132  0.407373  {0,2,0}     21    1
69   1189    47    48  0.382120  {1,0,0}     40    1
9    1191   198   199  0.832081  {1,0,0}     22    1
34   1207    35    36  0.059439  {1,1,0}     38    1
113  1217   179   184  0.975774  {0,2,0}     29    1
66   1228    66    67  0.586022  {0,2,0}     35    1
104  1249   153   154  0.175695  {0,0,1}     37    0
65   1251   221   222  0.425586  {0,3,0}     22    1
3    1265   150   151  0.673337  {0,0,1}     25    0
96   1266    23   237  0.441218  {0,1,0}     28    0
67   1307    79    80  0.846023  {0,1,1}     22    1
73   1316     8     9  0.425086  {0,1,0}     20    1
91   1332    17    19  0.203818  {1,0,0}     21    1
2    1338   117   121  0.777728  {0,1,0}     27    0
47   1355    55    56  0.529069  {1,1,0}     33    1
109  1390   105   107  0.918488  {0,1,1}     25    1
44   1399   206   207  0.911038  {0,2,0}     28    1
121  1404   204   205  0.484691  {1,0,0}     23    1
36   1429   146   147  0.792204  {0,1,0}     30    1
74   1437    92    93  0.510596  {1,1,0}     21    1
