map EGL-G1-B
fac 5 10 {0,146,134,24,36}
hosp 3 {0,80,124}
n_ALS 8 1 {1:0,1:146,3:134,3:24}
n_BLS 24 1 {4:0,3:146,7:134,4:24,6:36}
n_CLS 5 0 {2:146,1:24,2:36}
      c_m  head  tail      c_af      c_d  c_tau  c_h
100     3    53    54  0.803896  {0,3,0}     35    1
11     13   155   156  0.188675  {1,0,0}     23    1
1      14   146   147  0.090563  {1,0,0}     23    1
51     22   244   245  0.862903  {0,1,1}     39    1
10     27   225   226  0.175403  {1,1,0}     25    1
97     36   107   108  0.678625  {1,1,0}     32    1
86    113    63    64  0.180906  {1,0,0}     28    1
6     119     2    14  0.157840  {0,1,0}     20    1
18    165    37    74  0.933304  {1,0,0}     25    1
115   186    35    36  0.542454  {0,1,1}     30    1
80    201    18    20  0.209849  {1,1,0}     31    1
7     235    90    95  0.304159  {0,2,0}     39    0
47    244   155   161  0.309821  {0,1,0}     40    1
71    289     4    22  0.129303  {1,0,0}     38    1
13    302    25    26  0.567818  {0,2,0}     37    1
67    309   234   236  0.083414  {0,1,0}     28    1
125   329   190   192  0.275951  {0,3,0}     23    1
43    331     5     6  0.184205  {0,2,0}     26    0
24    382     6     7  0.104154  {0,1,0}     35    0
70    424    82    83  0.941243  {0,3,0}     24    0
21    426    77    81  0.370021  {1,0,0}     20    1
68    444   124   125  0.409519  {1,1,0}     27    1
87    447   202   204  0.596641  {0,1,0}     28    1
2     447   162   167  0.961380  {0,3,0}     22    1
94    454     9    34  0.033352  {0,2,0}     26    1
45    470    36    38  0.758834  {0,0,1}     24    1
69    474   116   118  0.942126  {0,1,0}     20    1
84    477    83    84  0.480299  {0,3,0}     33    1
114   480   225   226  0.640335  {0,1,0}     34    1
79    481    54    55  0.649630  {0,2,0}     24    1
3     487   162   166  0.937765  {1,1,0}     30    1
99    488    96   114  0.127070  {0,3,0}     36    0
48    489    19    20  0.261354  {0,2,0}     23    1
93    490   207   209  0.965234  {1,0,0}     28    1
35    507   107   108  0.573994  {0,1,0}     33    1
0     508   127   128  0.169880  {0,0,1}     26    0
41    520    66    68  0.859436  {0,2,0}     37    1
124   523   180   181  0.878013  {1,1,0}     40    1
65    525    23   170  0.872205  {0,3,0}     30    1
38    536    55    56  0.331840  {1,0,0}     40    1
83    538   191   194  0.705318  {0,1,1}     37    1
50    561    71    72  0.492807  {0,3,0}     26    0
89    563    20    21  0.874640  {1,1,0}     40    1
110   564   151   154  0.748379  {1,1,0}     21    1
36    591   167   175  0.427925  {0,3,0}     21    1
39    607   165   174  0.277355  {1,1,0}     23    1
53    614   105   107  0.884475  {1,1,0}     25    1
4     631   194   195  0.731504  {0,2,0}     27    1
74    647   196   197  0.394072  {1,0,0}     21    1
19    651   123   124  0.565543  {0,3,0}     38    1
23    687   212   243  0.396084  {0,3,0}     35    1
116   690   226   227  0.784172  {1,1,0}     27    1
59    722   100   101  0.374666  {0,0,1}     21    0
122   738   165   174  0.959948  {0,1,0}     36    1
31    739   150   152  0.344150  {0,2,0}     37    0
54    753   193   194  0.068071  {1,0,0}     34    1
109   763   192   193  0.066749  {0,1,0}     30    0
32    763   234   236  0.311466  {0,1,1}     25    1
26    765    46    47  0.336312  {0,2,0}     29    1
33    772   222   223  0.680765  {0,3,0}     21    0
17    775   110   113  0.080602  {0,1,0}     31    1
44    776    47    64  0.768767  {0,1,0}     20    0
121   777    85    86  0.631651  {1,0,0}     27    1
52    793   110   113  0.518500  {1,1,0}     34    1
42    798    98   130  0.514705  {1,1,0}     34    1
85    811   213   214  0.098646  {0,1,0}     37    1
102   818   232   233  0.485313  {0,2,0}     39    0
75    834    72    73  0.160227  {0,3,0}     30    0
127   839    43    44  0.731196  {1,1,0}     20    1
101   842     2    14  0.389819  {0,1,0}     20    1
34    845   127   138  0.530587  {0,1,0}     29    0
95    849    97   126  0.464289  {1,0,0}     26    1
73    853     5     6  0.655957  {1,0,0}     21    1
88    858   169   173  0.410372  {0,2,0}     33    1
66    879    84   100  0.644915  {0,2,0}     23    1
77    883    48    57  0.592848  {0,3,0}     40    1
78    888   240   241  0.551065  {1,1,0}     23    1
62    911   120   121  0.249449  {0,2,0}     36    1
76    918   241   242  0.072340  {0,2,0}     22    0
92    932    26    28  0.526276  {0,1,0}     28    0
46    934     0     1  0.144745  {0,3,0}     35    0
9     942   103   104  0.033339  {0,3,0}     35    1
117   948   231   236  0.861081  {0,0,1}     32    1
105   948   142   143  0.522968  {1,0,0}     36    1
98    953   191   194  0.351255  {0,3,0}     29    1
90    959   156   162  0.838298  {0,2,0}     28    1
107   962    45    64  0.950390  {0,1,0}     24    1
72    966    42    43  0.606141  {0,1,1}     22    1
55    968    20    21  0.763809  {0,1,0}     33    1
14    974    68    69  0.802357  {1,1,0}     32    1
64    982   136   137  0.329178  {0,1,0}     27    0
63    983   160   163  0.520274  {0,2,0}     32    1
58    995    37    74  0.395385  {0,1,0}     31    1
103   996   184   185  0.139000  {0,1,0}     37    1
118  1006   134   146  0.544419  {0,3,0}     28    1
119  1013   222   223  0.766577  {0,3,0}     34    0
27   1018   160   163  0.090162  {0,0,1}     21    1
37   1023   222   225  0.899289  {0,1,0}     28    0
56   1025    47    48  0.431273  {1,1,0}     40    1
126  1027   101   102  0.608781  {1,1,0}     24    1
123  1043    93    94  0.879048  {1,1,0}     24    1
112  1047   193   194  0.589011  {0,3,0}     38    1
113  1055    83    85  0.473746  {0,1,0}     28    0
120  1057   135   136  0.580814  {1,0,0}     33    1
57   1060   116   118  0.896590  {0,2,0}     36    0
29   1064   232   234  0.829366  {0,1,0}     27    0
28   1068   165   166  0.606633  {1,1,0}     27    1
16   1093    31    38  0.478603  {0,0,1}     32    1
22   1152   240   241  0.347413  {0,1,1}     34    1
82   1160   152   153  0.250373  {0,3,0}     29    0
12   1177    57    61  0.307657  {1,0,0}     30    1
96   1177   213   214  0.847731  {0,3,0}     22    0
49   1184   112   114  0.749057  {0,3,0}     29    1
111  1211   152   153  0.878914  {1,1,0}     29    1
61   1241   234   235  0.412275  {0,2,0}     25    0
91   1242   190   192  0.951001  {0,1,0}     30    0
108  1252   121   122  0.619093  {0,3,0}     35    1
8    1279    23   170  0.725927  {1,1,0}     31    1
104  1293    48    57  0.068926  {0,2,0}     31    1
40   1317   186   187  0.686226  {1,2,0}     40    1
81   1338    67    68  0.061796  {0,2,0}     30    0
25   1350    82    83  0.928102  {0,1,0}     27    0
5    1365   228   229  0.407652  {1,0,0}     32    1
106  1396   107   108  0.685163  {0,3,0}     21    1
20   1401   118   119  0.954289  {0,1,0}     32    1
60   1427    69    70  0.343255  {1,0,0}     34    1
30   1427   162   166  0.237456  {0,1,0}     26    1
15   1435   115   116  0.081749  {1,0,0}     31    1
