map EGL-G1-D
fac 5 10 {0,180,72,5,152}
hosp 3 {0,197,117}
n_ALS 10 1 {2:0,4:180,1:72,1:5,2:152}
n_BLS 25 1 {4:0,5:180,5:72,9:5,2:152}
n_CLS 10 0 {3:0,1:180,3:72,3:152}
      c_m  head  tail      c_af      c_d  c_tau  c_h
103    26     9    34  0.482710  {0,1,0}     31    1
22     47   190   191  0.242942  {0,3,0}     28    1
61     52   103   113  0.308069  {0,2,0}     31    1
74     63    73    74  0.469789  {0,3,0}     38    0
24     81   190   192  0.636187  {0,3,0}     25    1
17    138   174   175  0.755166  {0,2,0}     29    1
92    182   171   172  0.264697  {0,2,0}     22    1
112   188   137   138  0.849940  {1,0,0}     21    1
36    196    88    89  0.673281  {1,1,0}     40    1
53    217    77    78  0.200193  {0,3,0}     35    0
83    229   211   212  0.791276  {0,2,0}     24    1
86    245   135   136  0.862443  {0,3,0}     24    1
122   247    73    75  0.991105  {0,1,0}     20    1
49    277   122   123  0.021454  {0,0,1}     39    0
124   302    40    41  0.892196  {0,1,0}     37    1
10    325   191   193  0.217479  {1,1,0}     30    1
69    336   185   186  0.880298  {0,3,0}     24    1
50    337   212   243  0.203572  {0,1,0}     34    1
77    338   244   248  0.939308  {0,2,0}     35    1
15    351   213   214  0.180097  {0,1,0}     25    0
109   360     6     7  0.726937  {0,3,0}     20    1
115   370   173   181  0.521553  {0,1,0}     21    1
107   424   234   236  0.449542  {0,2,0}     25    0
127   432     4    22  0.957675  {1,1,0}     31    1
55    447    59    71  0.576604  {1,0,0}     24    1
64    452   203   210  0.348865  {0,3,0}     27    1
6     459   162   167  0.442284  {0,0,1}     36    1
111   467   144   145  0.323200  {0,1,0}     24    1
79    477    89    91  0.938260  {0,3,0}     33    1
87    483   238   240  0.416654  {0,3,0}     27    0
75    484   190   192  0.764800  {0,1,0}     33    1
78    505   204   205  0.769019  {0,3,0}     20    0
25    506   104   105  0.426546  {1,0,0}     24    1
43    508   108   109  0.903689  {0,1,0}     32    0
95    511    40    41  0.548202  {1,0,0}     25    1
72    538    48    49  0.267680  {0,3,0}     20    0
70    538   246   248  0.535979  {0,2,0}     32    1
1     552   237   240  0.507413  {1,0,0}     21    1
98    564    84   100  0.606674  {0,1,0}     23    1
63    586   151   154  0.397533  {0,1,0}     40    1
85    610   228   229  0.433570  {0,3,0}     40    1
45    615    53    55  0.696218  {0,2,0}     29    1
18    618    13    14  0.281444  {1,1,0}     26    1
94    628    56    57  0.526004  {0,1,0}     27    1
113   630   178   182  0.404982  {0,1,0}     38    0
80    635   229   230  0.892733  {1,1,0}     39    1
42    636    23    86  0.384055  {0,0,1}     21    0
82    647   158   160  0.421899  {0,1,0}     29    0
54    657   220   222  0.857018  {1,1,0}     28    1
99    685   185   192  0.279236  {0,3,0}     21    1
26    704   176   179  0.706273  {1,0,0}     32    0
125   708   245   246  0.449019  {1,1,0}     36    1
88    709    96    97  0.447929  {1,1,0}     37    1
91    710    68    69  0.096062  {0,1,0}     33    0
81    710   106   107  0.955215  {0,1,0}     39    0
29    713    95    97  0.853937  {0,2,0}     37    0
12    717   145   146  0.710878  {0,3,0}     30    1
8     737    40    41  0.289876  {0,2,0}     24    0
16    738    97   126  0.950128  {1,0,0}     24    1
35    739   156   162  0.451468  {0,2,0}     32    0
108   745   161   162  0.590099  {0,1,0}     38    0
33    746    43    46  0.362139  {1,1,0}     22    1
3     759    70    72  0.078419  {1,1,0}     32    1
65    764   225   226  0.545310  {0,1,1}     39    1
97    783   134   146  0.884831  {1,1,0}     36    0
5     805    62    63  0.586267  {0,3,0}     35    0
84    813   220   222  0.235226  {1,1,0}     33    1
52    820     6    27  0.672791  {1,1,0}     39    1
100   840   244   249  0.766320  {0,2,0}     29    0
118   846   165   166  0.725934  {0,1,0}     33    1
13    847   219   221  0.588060  {0,3,0}     22    1
20    854    32    34  0.754458  {1,1,0}     22    0
21    866   202   204  0.682172  {0,0,1}     21    1
31    874   122   123  0.557080  {0,1,0}     22    1
9     883    77    81  0.306296  {1,1,0}     26    1
90    894    15    17  0.324554  {0,1,0}     21    1
56    907    77    78  0.939383  {0,1,0}     28    1
102   907    69    78  0.488014  {0,1,0}     26    1
34    911   147   148  0.596554  {0,2,0}     25    0
76    913   169   170  0.414670  {1,1,0}     23    1
46    923    10    41  0.074116  {0,3,0}     24    0
110   948    81    84  0.298101  {1,1,0}     26    1
121   949   160   163  0.775286  {0,1,0}     20    1
119   963   115   116  0.001281  {0,1,1}     39    1
96    974   174   175  0.068730  {0,3,0}     33    1
93    977   176   180  0.656164  {0,3,0}     38    0
47    977    65    66  0.563481  {1,1,0}     37    1
123   992     6    27  0.128335  {0,1,0}     31    1
39   1021     6    27  0.343106  {0,1,0}     36    1
126  1024    75    76  0.923751  {0,1,0}     22    0
104  1026   144   147  0.671395  {1,2,0}     35    1
37   1037   185   192  0.431753  {1,1,0}     26    1
2    1043    70    72  0.893441  {0,3,0}     30    1
62   1046   125   149  0.685760  {0,1,0}     36    1
68   1052   124   125  0.675854  {1,1,0}     38    1
28   1052    22    24  0.268724  {1,0,0}     34    1
59   1056    77    81  0.048646  {0,3,0}     38    0
73   1070    86    87  0.768157  {0,1,0}     38    0
66   1086    91    92  0.920726  {0,2,0}     36    0
32   1090    92    93  0.523389  {0,1,1}     37    1
114  1101   173   181  0.285772  {0,1,0}     38    1
71   1104   240   242  0.012840  {1,0,0}     25    1
60   1110   120   121  0.801627  {0,0,1}     22    0
116  1117   234   236  0.624974  {0,1,0}     20    1
120  1124   147   148  0.399847  {0,1,0}     26    1
44   1129    82    83  0.600927  {1,0,0}     35    1
57   1135    73    75  0.073465  {1,0,0}     33    1
27   1136   158   160  0.282679  {0,2,0}     36    1
101  1137    50    51  0.096579  {1,0,0}     24    1
105  1138   122   123  0.124720  {1,1,0}     40    1
11   1159   203   210  0.091761  {0,1,0}     30    0
106  1162    32    33  0.695975  {0,3,0}     36    1
48   1168   107   108  0.583843  {0,3,0}     39    0
30   1173   144   145  0.835131  {0,1,0}     29    1
40   1176    53    55  0.575301  {0,0,1}     38    0
23   1182    10    41  0.578004  {0,1,0}     33    1
19   1211   198   199  0.965388  {1,1,0}     39    1
67   1222   211   212  0.775277  {0,3,0}     29    0
0    1230    29    31  0.085768  {0,2,0}     27    0
7    1233   173   181  0.623350  {1,0,0}     25    1
4    1242   116   118  0.036833  {0,2,0}     24    1
14   1264   102   103  0.256154  {0,1,0}     37    1
51   1299   244   245  0.422618  {0,3,0}     38    1
117  1304   226   227  0.350111  {0,3,0}     35    0
58   1388   226   231  0.590545  {1,0,0}     26    1
38   1405   212   243  0.959954  {1,1,0}     22    1
41   1408   153   156  0.356283  {0,1,0}     39    1
89   1433    23   229  0.259828  {0,2,0}     33    1
