map EGL-G2-E
fac 5 10 {0,15,55,40,135}
hosp 1 {0}
n_ALS 6 1 {1:0,2:15,3:40}
n_BLS 17 1 {6:0,4:15,1:55,3:40,3:135}
n_CLS 7 0 {2:0,1:15,2:55,1:40,1:135}
      c_m  head  tail      c_af      c_d  c_tau  c_h
49     25    12    13  0.538437  {1,0,0}     37    1
79     36   126   127  0.967145  {1,0,0}     21    1
125    39   253   254  0.100326  {0,3,0}     26    0
30     62    74    75  0.815387  {0,3,0}     30    1
28     81   219   223  0.167715  {0,1,0}     31    0
31     82   175   176  0.649924  {0,2,0}     32    1
121    97   107   108  0.515621  {1,2,0}     20    1
106   141    24    26  0.655217  {0,3,0}     37    1
63    148    41    51  0.399009  {1,0,0}     23    1
110   150   108   109  0.405673  {0,2,0}     30    0
80    219   113   114  0.258266  {0,1,1}     27    1
15    230    29    31  0.359184  {0,0,1}     28    1
70    283   198   199  0.144602  {1,0,0}     24    1
93    310   189   190  0.147659  {0,2,0}     33    1
81    321   125   150  0.018595  {0,2,0}     23    1
38    363   234   239  0.487804  {0,1,0}     37    1
99    365   152   153  0.956721  {0,3,0}     27    1
119   379    20    21  0.333432  {0,3,0}     22    1
120   416    90    92  0.374118  {1,0,0}     40    1
13    469   218   225  0.028327  {0,1,1}     23    0
94    471    14    15  0.392439  {0,1,0}     32    1
78    473   122   124  0.511299  {1,1,0}     24    1
107   475   193   246  0.332419  {1,0,0}     26    1
55    491    38    40  0.390412  {0,1,1}     33    1
43    493    66    92  0.873231  {0,1,1}     40    0
5     518   197   200  0.791497  {0,1,0}     39    1
58    520   227   231  0.804242  {1,0,0}     27    1
14    522   170   171  0.911833  {0,3,0}     27    1
22    524   190   191  0.615449  {0,2,0}     30    1
77    525    70    71  0.859465  {1,0,0}     38    0
71    550   227   229  0.341413  {1,0,0}     23    1
92    552   228   229  0.531154  {0,1,0}     21    0
1     554    19    20  0.582391  {0,2,0}     20    0
16    567   197   200  0.324005  {0,1,0}     20    1
35    596   243   245  0.948207  {0,2,0}     35    0
83    624   219   220  0.388177  {0,2,0}     23    1
104   627    43    44  0.780035  {0,1,1}     37    1
3     631   213   215  0.316807  {1,1,0}     38    1
59    632     3    15  0.487989  {0,1,1}     23    1
89    634   138   139  0.249257  {0,2,0}     28    1
54    638   175   177  0.802421  {1,1,0}     36    1
88    644    74    75  0.485259  {0,3,0}     25    1
65    661   152   155  0.562585  {0,1,0}     37    0
37    671   154   157  0.776171  {0,3,0}     26    0
6     673    21    35  0.356558  {0,2,0}     34    1
34    695    19    20  0.693272  {0,1,0}     34    0
12    696   190   191  0.113484  {1,1,0}     20    1
109   703     1    12  0.757445  {0,0,1}     23    0
101   705   235   236  0.322318  {0,0,1}     33    0
122   717    20    21  0.377363  {1,1,0}     40    0
48    719    76    77  0.651616  {0,1,0}     34    0
73    723   127   128  0.292150  {0,1,0}     32    1
108   725    54    58  0.876142  {0,2,0}     37    1
57    731   136   146  0.504676  {0,3,0}     38    1
76    738    98   127  0.568883  {0,2,0}     22    0
42    739    91    92  0.182428  {0,1,0}     27    0
21    757   115   116  0.780351  {0,1,0}     38    0
75    757   210   211  0.606995  {1,1,0}     37    1
72    758   157   163  0.031297  {1,1,0}     40    1
4     759   106   108  0.987020  {0,1,0}     22    0
115   766    37    75  0.571349  {0,2,0}     20    1
18    776    72    73  0.840270  {0,2,0}     34    1
40    795   132   133  0.862847  {1,1,0}     29    0
95    803    41    51  0.843029  {0,3,0}     28    0
2     806   174   183  0.305151  {0,2,0}     28    1
97    823     5    26  0.978935  {0,1,1}     35    0
91    826   112   113  0.183002  {0,0,1}     32    1
103   827   155   156  0.633266  {0,0,1}     29    0
7     829   177   181  0.391698  {0,2,0}     39    0
87    836    95    96  0.109815  {1,1,0}     36    1
52    837    57    61  0.420237  {0,1,0}     24    0
9     842   155   156  0.074877  {1,1,0}     38    1
111   844   193   246  0.941731  {0,2,0}     30    0
105   848    67    69  0.705763  {0,2,0}     26    1
19    849   212   213  0.129303  {0,1,0}     31    1
117   860   101   112  0.295489  {0,1,0}     27    1
8     862    50    51  0.078969  {0,3,0}     33    1
86    874    19    20  0.851651  {0,3,0}     34    0
32    883    73    74  0.838628  {0,2,0}     21    0
36    886   190   192  0.065587  {1,0,0}     39    1
24    894   205   207  0.590091  {1,0,0}     20    1
90    897    39    73  0.393337  {0,2,0}     33    1
127   904   139   140  0.940298  {0,1,0}     29    1
47    915   242   243  0.094833  {0,3,0}     40    1
51    925   190   192  0.056864  {0,1,1}     23    1
112   929   239   240  0.368422  {0,3,0}     25    0
53    931    23   150  0.884653  {1,0,0}     21    1
96    932    39    52  0.658874  {1,1,0}     33    1
124   933   212   213  0.225599  {0,3,0}     40    1
60    942    28    29  0.986977  {0,3,0}     39    0
62    944     1     2  0.335924  {1,0,0}     35    1
50    945    59    60  0.110284  {1,0,0}     26    1
64    947   194   242  0.839358  {1,0,0}     26    1
39    947    76    77  0.612462  {0,2,0}     28    1
56    950   222   223  0.765766  {1,1,0}     38    1
29    955   233   234  0.972400  {1,1,0}     38    1
20    964   105   106  0.813511  {0,2,0}     38    1
69    974     1     2  0.067781  {1,1,0}     23    1
61    975    14    15  0.490118  {1,1,0}     33    1
23    987   104   105  0.598514  {1,3,0}     22    1
25   1024   141   142  0.690553  {0,1,0}     25    0
116  1035     5    23  0.672931  {0,1,0}     40    1
26   1045   129   138  0.117380  {1,3,0}     32    1
27   1057    55    56  0.315825  {0,1,0}     27    0
82   1073    45    64  0.952779  {1,3,0}     33    1
45   1086   143   145  0.768919  {0,2,0}     33    0
0    1116    76    77  0.943391  {1,1,0}     22    0
67   1116    19    20  0.762999  {0,3,0}     23    1
98   1124    23    87  0.310366  {0,1,0}     33    0
118  1130   164   165  0.204697  {0,3,0}     27    1
113  1164   247   249  0.683598  {0,2,0}     20    1
102  1170   179   184  0.112734  {0,1,0}     39    0
11   1172   239   240  0.929672  {0,2,0}     21    1
74   1218    74    76  0.833651  {0,1,0}     37    1
123  1231    32    33  0.029416  {0,3,0}     34    0
46   1250    36    38  0.321330  {1,0,0}     39    1
68   1270   164   169  0.110405  {0,2,0}     32    0
17   1288   107   109  0.352332  {1,1,0}     20    0
44   1295    16    17  0.665936  {0,0,1}     26    1
114  1311   227   233  0.921403  {0,2,0}     29    0
10   1316   209   216  0.985718  {0,1,0}     28    1
100  1334    61    65  0.320279  {0,0,1}     34    1
33   1363    71    73  0.864646  {0,2,0}     25    0
126  1373   210   211  0.652007  {0,0,1}     32    1
84   1378    27    28  0.386599  {0,2,0}     22    1
41   1390    72    73  0.782498  {1,0,0}     40    1
85   1397   143   144  0.989122  {0,2,0}     26    1
66   1419   226   227  0.098240  {0,1,0}     22    0
