map EGL-G1-E
fac 5 10 {0,89,38,37,108}
hosp 3 {0,118,103}
n_ALS 5 1 {1:89,1:37,3:108}
n_BLS 22 1 {4:0,5:89,6:38,3:37,4:108}
n_CLS 5 0 {1:0,3:89,1:38}
      c_m  head  tail      c_af      c_d  c_tau  c_h
23      6     7     8  0.371237  {1,1,0}     24    1
110    14    77    78  0.378331  {1,0,0}     26    1
26     18    97   126  0.031219  {0,2,0}     39    1
113   119   211   212  0.502596  {0,1,0}     34    1
29    143   125   149  0.914772  {1,0,0}     27    1
8     164    50    51  0.711509  {0,1,0}     34    1
35    239    48    57  0.745601  {1,0,0}     31    1
14    307    32    33  0.502097  {0,3,0}     30    0
91    307   124   149  0.005500  {0,3,0}     37    1
40    321   177   184  0.268519  {1,0,0}     30    1
80    352    67    68  0.493626  {0,1,0}     25    1
111   364   163   168  0.072334  {1,0,0}     34    1
75    365    75    76  0.982767  {0,3,0}     27    1
18    390     8    33  0.350305  {0,1,1}     20    1
7     391   185   186  0.587561  {0,3,0}     40    1
9     420   139   140  0.916281  {0,1,0}     39    0
69    423   169   173  0.786352  {1,0,0}     35    1
81    453     5     6  0.890961  {0,2,0}     37    0
3     458    73    75  0.747668  {0,1,0}     35    1
102   473   199   202  0.356935  {0,3,0}     28    0
42    489   135   136  0.827712  {0,2,0}     22    0
116   508   173   181  0.513173  {1,1,0}     35    1
21    522    96    97  0.135035  {0,1,1}     33    1
66    534   101   110  0.732433  {0,2,0}     37    0
106   536   134   135  0.369157  {0,1,0}     38    1
5     537   112   113  0.381591  {0,1,0}     30    1
48    544   189   190  0.421345  {0,2,0}     20    0
100   544    23    86  0.624911  {0,2,0}     36    0
37    562    75    77  0.545114  {0,1,0}     21    0
68    569   110   113  0.415431  {0,3,0}     34    0
55    583   170   171  0.932198  {1,0,0}     29    1
95    597   138   139  0.847439  {0,2,0}     30    1
57    601    24    25  0.703257  {1,1,0}     31    1
78    612    71    72  0.595526  {1,0,0}     34    1
39    619   210   212  0.164560  {0,2,0}     36    0
64    632     9    34  0.917041  {1,1,0}     34    1
0     647   119   161  0.830437  {0,1,0}     27    0
28    653    89    90  0.328434  {0,1,0}     23    0
119   653    98   130  0.491188  {0,1,0}     25    1
56    658   175   176  0.993870  {0,2,0}     36    1
86    670   191   194  0.953276  {0,3,0}     33    0
108   672   188   189  0.082459  {0,1,0}     38    1
65    675   112   114  0.938975  {0,3,0}     33    1
15    680   234   236  0.617149  {0,2,0}     37    1
1     690    96   111  0.860122  {1,1,0}     23    1
52    714    32    33  0.739824  {0,1,1}     21    1
62    723    54    58  0.842953  {0,1,0}     31    0
59    727   102   103  0.415444  {0,3,0}     28    0
38    728    36    38  0.125801  {1,0,0}     36    1
105   731   156   162  0.212078  {0,1,1}     33    1
67    736   104   106  0.249791  {0,1,1}     37    1
2     744   128   137  0.780982  {0,1,0}     30    1
93    751   146   147  0.732498  {1,0,0}     33    1
74    755   111   112  0.615025  {0,2,0}     40    1
4     756   222   225  0.368463  {0,2,0}     30    1
27    772   165   174  0.922404  {0,3,0}     36    0
84    777    16    17  0.589860  {0,3,0}     26    1
90    782    81    82  0.161280  {1,1,0}     20    1
123   784   246   247  0.183901  {0,1,0}     34    1
112   788    12    13  0.683960  {1,1,0}     34    1
44    797    43    45  0.463302  {1,0,0}     35    1
31    800     2     3  0.430082  {1,3,0}     27    1
45    802   128   137  0.262635  {0,1,0}     25    1
25    816   212   243  0.282504  {1,1,0}     33    1
34    826   231   232  0.082993  {0,2,0}     39    1
82    831     3    23  0.665231  {0,1,0}     34    1
71    834   157   158  0.186837  {0,2,0}     21    1
121   846    54    58  0.575227  {0,1,0}     24    0
87    849    43    45  0.277061  {0,1,1}     36    1
51    850    54    58  0.369352  {1,0,0}     21    1
47    852    30    33  0.840202  {0,1,1}     36    1
11    855     6     7  0.590932  {0,1,1}     32    1
46    857   240   242  0.278216  {0,2,0}     29    1
13    862    47    48  0.182448  {0,3,0}     38    0
20    879    17    19  0.769728  {0,0,1}     33    1
70    884   162   166  0.972338  {0,2,0}     22    0
115   885   212   243  0.161386  {0,2,0}     37    1
61    887   204   209  0.684018  {0,3,0}     27    1
58    897   234   235  0.965511  {0,2,0}     34    1
50    901     4     5  0.221953  {0,3,0}     40    0
79    904   155   161  0.445585  {0,1,1}     20    1
19    907   153   157  0.619963  {0,2,0}     21    0
63    915   165   166  0.537634  {0,1,0}     30    0
33    949   163   168  0.007076  {0,1,0}     22    1
109   956   191   194  0.128308  {0,2,0}     38    1
101   956   177   184  0.897223  {0,2,0}     38    0
124   971   211   213  0.850342  {0,2,0}     27    1
10    983   177   184  0.787592  {0,3,0}     32    1
107   989   103   113  0.031390  {0,0,1}     39    0
120  1011    91    92  0.739115  {1,1,0}     22    1
117  1015   207   209  0.937176  {0,2,0}     26    1
17   1015   156   162  0.936290  {1,1,0}     23    1
41   1018   169   170  0.375582  {0,1,0}     40    0
83   1020   117   118  0.738250  {0,2,0}     20    1
118  1029   127   138  0.063182  {0,2,0}     33    0
104  1042   119   161  0.500680  {1,2,0}     29    0
53   1045   147   148  0.403769  {0,3,0}     25    0
88   1047   174   175  0.600000  {0,0,1}     28    1
12   1061   100   111  0.497064  {0,0,1}     34    1
43   1071   160   163  0.426401  {0,2,0}     35    1
16   1090    69    78  0.856032  {0,3,0}     25    0
85   1111    95    97  0.172203  {1,0,0}     38    1
49   1117   204   205  0.922287  {0,1,0}     30    0
103  1118   121   123  0.361150  {0,1,0}     37    1
94   1119    38    40  0.984829  {0,3,0}     28    1
98   1124    90    95  0.801968  {0,1,0}     28    1
30   1126   160   163  0.644563  {1,0,0}     23    1
32   1132   199   202  0.276956  {0,2,0}     24    1
125  1136    65    91  0.995069  {0,2,0}     32    0
72   1157     7     8  0.367810  {1,0,0}     30    1
36   1173    95    97  0.389982  {0,1,1}     23    0
54   1174   140   149  0.815903  {0,2,0}     27    0
126  1176    32    33  0.758291  {0,3,0}     36    1
77   1193    39    40  0.882086  {0,1,1}     38    1
60   1201     3    15  0.984689  {1,1,0}     37    1
89   1228   116   117  0.484855  {0,1,0}     25    1
127  1245   166   167  0.892973  {1,1,0}     23    1
96   1291    66    68  0.867967  {0,0,1}     36    0
92   1300   216   217  0.049443  {0,1,0}     35    1
122  1313    81    82  0.055337  {1,0,0}     25    1
24   1313   128   137  0.740435  {0,3,0}     30    0
22   1319   161   162  0.606645  {0,2,0}     21    1
6    1349   246   247  0.216405  {1,1,0}     21    1
97   1375    41    51  0.722954  {0,3,0}     35    1
73   1387   135   136  0.980885  {0,0,1}     27    0
114  1406   156   162  0.558969  {0,1,0}     25    0
99   1416     3    15  0.735121  {0,2,0}     31    1
76   1435    42    43  0.512075  {0,1,0}     26    1
