map EGL-G2-C
fac 5 10 {0,253,73,204,71}
hosp 2 {0,122}
n_ALS 7 1 {1:0,2:253,2:73,2:71}
n_BLS 25 1 {1:0,7:253,4:73,8:204,5:71}
n_CLS 10 0 {3:0,1:253,2:73,2:204,2:71}
      c_m  head  tail      c_af      c_d  c_tau  c_h
124    18   179   184  0.058298  {1,0,0}     35    1
76     91   141   150  0.486289  {0,2,0}     40    0
17    169   190   192  0.261207  {0,1,1}     30    1
80    273    90    92  0.671582  {0,0,1}     28    1
9     281    50    51  0.798723  {0,1,0}     30    1
64    288   202   209  0.910056  {0,1,0}     30    1
77    307   165   166  0.238946  {0,1,0}     29    0
41    309   192   194  0.987799  {1,2,0}     38    1
70    346   128   139  0.667901  {0,1,0}     33    1
39    355   162   163  0.430860  {0,1,0}     21    1
44    409    97    98  0.319019  {1,1,0}     37    1
55    414   225   226  0.404815  {0,3,0}     29    1
65    428   139   140  0.717379  {0,1,0}     28    1
99    445    93    94  0.715933  {0,3,0}     24    0
74    451   171   172  0.982528  {0,2,0}     39    0
40    493   215   221  0.193492  {0,1,0}     22    0
0     501   205   208  0.996217  {0,3,0}     28    1
47    510    99   132  0.918810  {1,0,0}     30    1
34    528   244   253  0.942255  {0,1,0}     23    1
61    530   152   153  0.092057  {0,1,1}     21    0
19    532    67    69  0.468954  {0,1,0}     26    1
73    564    97   112  0.944062  {0,1,0}     40    1
60    585   220   221  0.172129  {1,0,0}     37    1
88    585   193   246  0.672854  {0,3,0}     35    1
7     592    49    50  0.754189  {1,0,0}     22    1
62    601    24    25  0.166410  {0,0,1}     34    0
3     610     4    22  0.832809  {0,1,0}     23    1
89    611   250   251  0.929815  {1,1,0}     24    1
8     611   113   115  0.887191  {0,1,0}     21    0
21    615   244   253  0.897148  {1,0,0}     38    1
29    619   139   140  0.968428  {0,2,0}     20    1
115   624   220   221  0.564571  {1,1,0}     31    1
78    653     9    10  0.563133  {0,1,0}     35    1
106   653    84    86  0.821624  {1,1,0}     29    1
37    658   124   125  0.520737  {1,0,0}     27    1
66    668   179   183  0.221239  {0,3,0}     30    1
22    673   218   225  0.229745  {1,0,0}     20    1
102   673    80    81  0.972263  {0,2,0}     26    1
93    681    92    93  0.925249  {0,3,0}     31    1
46    698   151   153  0.537606  {0,3,0}     33    0
43    699   158   159  0.430196  {0,1,0}     28    0
18    701    61    62  0.707085  {0,2,0}     20    1
125   703    23   150  0.561107  {1,1,0}     38    1
126   714   213   215  0.192894  {0,1,0}     31    0
108   722   233   234  0.799057  {1,1,0}     29    1
31    731    67    69  0.578269  {1,0,0}     35    1
116   741    66    93  0.669379  {0,3,0}     27    0
4     750    10    11  0.894980  {0,2,0}     22    1
103   750    69    80  0.292037  {0,0,1}     27    1
120   760   105   106  0.582547  {1,1,0}     29    0
107   766   154   157  0.272381  {0,1,0}     39    0
42    775    23   171  0.334731  {0,2,0}     23    1
15    796   140   141  0.596754  {0,1,0}     39    1
38    805    42    43  0.003490  {0,2,0}     39    1
32    806   213   215  0.623049  {1,0,0}     26    1
117   828   140   141  0.329489  {0,1,0}     34    0
122   832   178   179  0.662423  {0,1,0}     24    1
57    834   157   161  0.024140  {0,1,0}     21    1
72    864   185   186  0.068849  {0,2,0}     27    0
94    875    71    72  0.691726  {0,1,0}     30    1
85    879    81    82  0.907318  {0,2,0}     38    1
92    899     5     6  0.146534  {0,2,0}     30    1
13    921    24    26  0.911677  {0,3,0}     25    1
119   925    59    60  0.882390  {0,1,0}     24    1
123   927   136   137  0.399819  {0,2,0}     21    1
75    929    74    76  0.948221  {0,1,0}     38    0
104   936   121   155  0.664467  {0,2,0}     33    1
2     936    13    14  0.059760  {1,1,0}     40    1
16    946   108   109  0.781156  {0,2,0}     37    1
26    947    68    69  0.043657  {0,0,1}     35    0
20    950    60    68  0.695759  {0,3,0}     22    0
69    951     6    27  0.188465  {0,2,0}     40    1
30    956   234   235  0.920081  {1,1,0}     23    1
53    964     3     4  0.646846  {0,1,0}     22    0
1     964   192   194  0.352516  {1,1,0}     26    1
10    975   150   151  0.116934  {0,1,0}     29    1
110   981    38    40  0.628095  {0,2,0}     25    0
97    985   104   105  0.883643  {1,1,0}     24    1
86    988     3    15  0.814475  {0,1,0}     25    1
45    998   156   162  0.871902  {0,2,0}     33    0
52   1004    94    95  0.764468  {1,0,0}     29    1
101  1013   215   221  0.869689  {0,1,0}     23    0
84   1018   239   240  0.709931  {0,2,0}     39    1
98   1023   233   234  0.175832  {0,2,0}     30    0
112  1039    47    48  0.308525  {0,1,0}     38    0
95   1040    89    97  0.999931  {1,1,0}     23    1
23   1043    34    41  0.359995  {0,2,0}     21    1
28   1059    25    26  0.775867  {0,1,0}     20    0
49   1059   252   253  0.717827  {1,1,0}     22    1
54   1077    29    30  0.591942  {0,3,0}     38    0
67   1080   227   231  0.628095  {0,3,0}     31    0
12   1086    56    57  0.970549  {1,0,0}     22    1
91   1103   156   157  0.978243  {1,1,0}     22    1
24   1113   125   152  0.775619  {1,1,0}     20    1
58   1121   239   240  0.741273  {0,2,0}     39    0
109  1123   218   250  0.986460  {1,0,0}     36    1
25   1136    63    65  0.074399  {0,3,0}     26    0
121  1137    63    65  0.001377  {0,1,0}     26    0
14   1146    32    34  0.006690  {0,2,0}     29    1
111  1147   228   230  0.187423  {1,0,0}     31    1
83   1156    39    73  0.730369  {0,2,0}     32    1
27   1166   155   156  0.787183  {0,2,0}     20    0
79   1175    35    36  0.412885  {0,1,0}     28    1
82   1178   139   140  0.795816  {0,2,0}     37    0
51   1188    48    57  0.193578  {0,0,1}     27    0
90   1210   104   105  0.391146  {0,3,0}     32    1
56   1212    47    64  0.788384  {1,3,0}     26    1
48   1220    78    82  0.788075  {1,1,0}     33    1
5    1221    69    70  0.360000  {0,1,0}     27    1
50   1221   202   209  0.351284  {0,3,0}     26    1
100  1227     3    23  0.312779  {1,1,0}     36    1
59   1237    47    64  0.086153  {1,0,0}     20    1
35   1249   190   192  0.931570  {0,1,0}     22    0
87   1251    53    54  0.021291  {0,3,0}     24    0
36   1255    49    56  0.596338  {1,0,0}     33    1
105  1287   153   154  0.315976  {0,2,0}     35    1
6    1293   117   118  0.358948  {1,0,0}     29    1
113  1294   252   253  0.876150  {1,0,0}     28    1
96   1304   223   224  0.186497  {1,0,0}     36    1
127  1306   235   236  0.868630  {0,0,1}     29    0
118  1329    97   112  0.522220  {1,0,0}     29    1
68   1358    51    52  0.645891  {0,1,0}     36    1
81   1360     7     8  0.831300  {0,2,0}     21    0
11   1376   192   194  0.159765  {1,0,0}     26    1
33   1378    21    35  0.555322  {0,1,0}     34    1
114  1392     2     3  0.775841  {0,2,0}     28    0
63   1410    27    28  0.455220  {1,0,0}     40    1
71   1434   234   239  0.767953  {0,0,1}     22    1
