map EGL-G2-C
fac 5 10 {0,126,244,225,124}
hosp 3 {0,36,113}
n_ALS 6 1 {1:0,1:126,2:244,1:225,1:124}
n_BLS 17 1 {7:0,2:244,3:225,5:124}
n_CLS 6 0 {1:0,4:126,1:225}
      c_m  head  tail      c_af      c_d  c_tau  c_h
90     13   140   142  0.137315  {0,2,0}     25    0
63     47     0     1  0.987424  {0,3,0}     20    1
23     71   133   134  0.012111  {0,1,0}     25    1
54     91    57    61  0.357964  {0,0,1}     28    0
50    185    46    47  0.543533  {0,1,0}     31    0
47    195    53    55  0.812284  {0,1,0}     35    1
122   281   148   149  0.057159  {0,1,0}     28    1
12    284   225   228  0.658883  {1,1,0}     25    1
29    294   112   113  0.999980  {0,1,0}     35    1
100   369   210   211  0.416367  {0,1,0}     25    1
21    395   194   242  0.253444  {0,2,0}     33    1
117   413   216   217  0.110149  {1,0,0}     29    1
126   420   136   137  0.438619  {0,2,0}     22    0
124   422     5     6  0.859638  {0,3,0}     20    0
8     422     8    33  0.538402  {0,1,0}     33    1
59    427    53    55  0.660573  {1,0,0}     38    1
119   430   228   229  0.347932  {0,2,0}     32    1
120   438   128   139  0.305482  {1,0,0}     20    1
92    446    97    98  0.053821  {0,1,0}     33    0
77    477   132   133  0.691342  {1,0,0}     38    1
27    482    16    18  0.919526  {0,2,0}     26    1
49    509   156   162  0.059485  {1,0,0}     38    1
80    511    90    92  0.300726  {0,2,0}     33    1
36    515    93    94  0.536992  {0,0,1}     40    0
13    517    50    53  0.184239  {1,1,0}     38    1
113   526     2    14  0.086270  {0,2,0}     27    1
82    532   239   244  0.797823  {0,3,0}     26    1
83    536    37    75  0.310370  {1,0,0}     35    1
74    547    16    17  0.691008  {1,1,0}     20    1
20    565   130   137  0.959034  {0,1,0}     40    1
0     581    53    54  0.148982  {0,1,0}     37    1
110   583    46    47  0.274517  {0,1,0}     20    1
19    589   170   174  0.867735  {0,0,1}     31    0
66    598   195   196  0.925891  {0,2,0}     36    0
48    599   121   122  0.536341  {0,1,0}     22    1
26    599   107   108  0.299738  {0,1,0}     35    1
81    606    24    26  0.880642  {0,1,0}     27    0
106   615     4     5  0.732265  {0,1,0}     21    0
75    627   178   185  0.800972  {0,2,0}     35    1
97    627   159   161  0.783122  {0,1,1}     21    0
99    628    91    96  0.786032  {0,1,1}     21    0
88    633   113   114  0.777070  {0,2,0}     31    1
68    634    99   132  0.099942  {1,0,0}     22    0
65    635   164   165  0.678847  {0,1,1}     33    1
94    641    40    41  0.863549  {1,0,0}     29    1
53    645    95    96  0.950908  {0,1,0}     35    1
14    663   135   147  0.830493  {1,1,0}     34    0
79    665   192   194  0.680857  {0,2,0}     25    0
32    666   216   217  0.358932  {0,2,0}     39    1
69    670    47    48  0.039835  {1,1,0}     22    1
38    677   244   253  0.603231  {0,2,0}     28    0
72    688    22    24  0.258544  {0,1,1}     32    1
112   699   145   146  0.019744  {0,2,0}     20    0
71    702   121   155  0.664217  {1,2,0}     23    1
60    702   201   202  0.095839  {0,2,0}     39    1
7     707   246   247  0.512421  {0,1,1}     22    0
91    715     5    26  0.719453  {0,1,0}     29    1
3     725   185   187  0.457261  {0,1,0}     24    1
123   727   178   185  0.711368  {0,2,0}     27    1
103   732   190   192  0.206427  {0,1,0}     22    1
89    732   195   248  0.714819  {0,0,1}     31    0
35    743    91    92  0.895270  {1,0,0}     34    1
18    746   174   189  0.814956  {1,1,0}     28    1
101   754   166   175  0.677246  {0,1,0}     36    0
108   754     2    14  0.735548  {1,1,0}     32    1
9     787   233   234  0.197094  {0,1,0}     32    1
42    788    70    79  0.259737  {0,0,1}     31    1
84    788   106   108  0.239536  {1,0,0}     35    1
109   790   158   159  0.146031  {1,1,0}     27    1
25    795     5     6  0.754832  {0,1,1}     20    0
41    802   177   181  0.941922  {1,1,0}     28    1
127   805   141   150  0.459575  {1,1,0}     36    1
51    820    65    66  0.430873  {1,1,0}     26    1
11    822   175   176  0.971807  {0,3,0}     40    0
87    823   125   152  0.595844  {0,2,0}     36    1
40    833   163   167  0.323585  {1,2,0}     31    1
93    836    96    98  0.452322  {1,0,0}     36    1
24    859     8     9  0.823674  {1,1,0}     21    1
43    874    86    87  0.281285  {0,3,0}     38    0
52    891   138   139  0.305345  {0,1,0}     21    1
67    891    73    74  0.896622  {1,1,0}     21    1
28    893   122   124  0.628474  {0,2,0}     38    1
118   925   161   164  0.694037  {0,1,0}     28    1
16    934   105   107  0.107001  {0,3,0}     22    0
55    954   172   173  0.946200  {0,1,0}     26    1
64    958    24    25  0.156902  {0,0,1}     28    1
85    978    97   112  0.938075  {0,2,0}     27    1
121   984   137   138  0.269630  {0,3,0}     33    1
4     988     3    23  0.733989  {1,1,0}     26    1
46    997    63    65  0.771225  {0,1,0}     22    1
57    997   124   125  0.879439  {0,1,0}     21    0
5    1008    12    13  0.551673  {0,2,0}     37    1
61   1009   150   151  0.013425  {1,1,0}     27    1
98   1020   111   114  0.129813  {0,3,0}     39    1
78   1022   192   194  0.949947  {0,3,0}     35    0
102  1028    71    72  0.095338  {1,0,0}     24    1
30   1041   125   150  0.277807  {0,1,0}     28    1
22   1042    74    76  0.243715  {0,2,0}     30    0
58   1071    47    48  0.200146  {0,2,0}     22    1
76   1077    72    73  0.467071  {0,3,0}     21    1
37   1107   195   196  0.124225  {1,0,0}     33    1
95   1108   219   220  0.209863  {0,2,0}     30    1
105  1123   143   144  0.473685  {1,1,0}     38    1
39   1142   194   242  0.616514  {0,0,1}     32    0
107  1151   231   232  0.237984  {0,1,1}     23    1
116  1159   219   223  0.050702  {0,2,0}     33    0
17   1167   105   106  0.038275  {0,2,0}     32    1
125  1172    45    64  0.063221  {0,1,0}     36    0
31   1182   179   183  0.144998  {1,0,0}     29    1
111  1188   228   229  0.375456  {0,3,0}     25    1
104  1210    31    32  0.540455  {0,2,0}     34    1
70   1217     2     3  0.191405  {0,1,0}     36    1
45   1220   185   186  0.507056  {1,0,0}     35    1
6    1227    50    53  0.092494  {0,3,0}     21    0
86   1232   219   223  0.733501  {1,0,0}     26    1
115  1238   201   203  0.667466  {0,0,1}     22    0
56   1244    76    78  0.799328  {0,3,0}     33    1
34   1244   235   236  0.549148  {1,0,0}     34    1
96   1250   141   142  0.302330  {0,2,0}     39    1
62   1256   226   227  0.135967  {0,3,0}     26    1
15   1287   225   226  0.048408  {1,1,0}     32    1
33   1294   211   212  0.323031  {0,1,0}     23    0
2    1298    91    92  0.491035  {1,0,0}     28    1
114  1359   126   150  0.473053  {0,3,0}     38    0
44   1373    36    39  0.849389  {0,3,0}     25    1
10   1404   226   251  0.501039  {1,1,0}     39    1
1    1414   125   150  0.837099  {0,3,0}     38    0
73   1430    59    72  0.987691  {1,0,0}     31    1
