map EGL-G2-D
fac 5 10 {0,142,81,221,80}
hosp 2 {0,7}
n_ALS 7 1 {1:0,2:142,2:81,2:221}
n_BLS 20 1 {2:0,5:142,3:81,3:221,7:80}
n_CLS 8 0 {1:0,3:142,2:81,2:80}
      c_m  head  tail      c_af      c_d  c_tau  c_h
49     11     5     6  0.252161  {0,0,1}     35    0
77     17   154   158  0.901801  {0,1,0}     21    0
108    20    62    63  0.190448  {0,3,0}     34    1
33     44   185   187  0.460505  {1,1,0}     35    1
103    67   147   148  0.254532  {0,1,0}     27    1
62    122    43    44  0.063409  {0,1,0}     28    0
16    146   190   192  0.760014  {0,1,0}     33    1
26    153    92    93  0.673073  {0,0,1}     33    1
20    161   179   184  0.538640  {0,1,0}     35    1
19    162    37    75  0.322540  {1,0,0}     22    1
86    209   157   163  0.284977  {0,1,0}     37    1
117   229   152   153  0.705109  {0,3,0}     22    1
66    233    36    38  0.669247  {0,1,0}     36    1
32    237   191   195  0.799466  {0,1,0}     36    1
122   254   117   118  0.007704  {0,3,0}     33    1
46    257   226   229  0.697784  {0,1,0}     20    1
22    281   101   112  0.939218  {0,0,1}     37    1
96    283    23    87  0.750852  {1,1,0}     40    1
65    325   213   215  0.362440  {0,2,0}     25    0
56    367   253   254  0.632060  {1,1,0}     31    1
11    382   143   145  0.882110  {0,3,0}     31    1
93    399    40    41  0.170610  {0,1,0}     22    0
79    428    56    57  0.164369  {1,0,0}     29    1
25    433    19    20  0.612813  {0,1,1}     23    1
71    484   252   253  0.228379  {0,2,0}     21    1
14    518   106   108  0.404962  {0,3,0}     39    1
55    535     5    23  0.288658  {0,3,0}     29    1
70    555   188   189  0.080877  {0,1,0}     24    0
88    563   226   227  0.449941  {0,3,0}     22    1
104   589   209   216  0.983280  {0,3,0}     28    1
36    608   112   113  0.557297  {0,1,0}     26    1
67    609    71    73  0.511087  {0,3,0}     39    1
0     613    27    28  0.496591  {0,2,0}     39    0
72    618    90    91  0.648861  {1,1,0}     20    1
126   618    67    68  0.948846  {0,1,0}     29    1
83    622   177   180  0.626260  {0,3,0}     27    1
37    645   121   122  0.707646  {0,2,0}     36    0
43    648    27    28  0.976697  {0,3,0}     32    0
73    651   249   252  0.898487  {0,1,0}     20    1
38    666   197   199  0.459596  {1,1,0}     29    1
92    671   179   184  0.789016  {1,0,0}     36    1
89    680    56    57  0.703097  {0,1,0}     28    0
57    708   226   227  0.244814  {0,3,0}     33    1
87    712   166   167  0.675593  {0,3,0}     27    1
12    716   143   144  0.599122  {0,3,0}     37    0
3     716    76    77  0.949642  {0,2,0}     40    1
13    725   143   144  0.032865  {0,1,0}     38    1
53    731   166   175  0.193659  {0,1,1}     37    1
23    737   219   223  0.426499  {0,2,0}     23    1
50    740    99   131  0.129941  {0,3,0}     30    1
110   742    85   101  0.545042  {1,0,0}     21    1
42    742   127   128  0.069854  {0,2,0}     35    1
58    746   233   234  0.250050  {0,2,0}     21    1
78    746   163   167  0.497447  {1,1,0}     27    1
99    746   198   199  0.897224  {1,0,0}     25    1
75    750    23    87  0.970692  {1,0,0}     27    1
4     766   202   203  0.115964  {0,2,0}     36    0
24    768   106   108  0.969225  {0,1,0}     23    0
61    770   107   108  0.494778  {0,3,0}     20    0
41    777   204   205  0.361625  {0,2,0}     37    0
94    787   205   208  0.205885  {1,0,0}     22    0
1     789   113   114  0.947922  {0,3,0}     24    1
63    790    82    83  0.633872  {0,2,0}     37    1
113   840   220   221  0.738263  {0,3,0}     33    1
114   860   234   239  0.652043  {0,3,0}     29    1
40    884   130   137  0.516260  {1,1,0}     21    1
47    888    14    15  0.538020  {0,0,1}     26    0
45    893   141   150  0.118077  {0,1,0}     33    0
102   901   151   153  0.281623  {0,2,0}     28    1
6     903    50    52  0.622044  {0,3,0}     26    0
80    921    95    99  0.524974  {1,1,0}     30    1
5     924   240   241  0.529371  {0,1,0}     31    1
21    930     2    14  0.443253  {0,2,0}     37    1
124   935    70    71  0.791338  {0,2,0}     24    0
125   938    97   112  0.906734  {1,3,0}     38    1
85    951    32    34  0.513647  {0,0,1}     36    1
15    951   192   193  0.537895  {1,2,0}     24    1
27    956   227   233  0.904978  {0,1,0}     40    1
111   961    89    90  0.523344  {0,2,0}     37    1
100   965   175   177  0.983295  {1,1,0}     32    1
118   970    23   237  0.824125  {0,2,0}     37    0
30    975    74    75  0.776857  {1,0,0}     27    1
109   984   171   172  0.145767  {0,3,0}     28    1
60    984   225   226  0.524369  {1,2,0}     36    1
95    990   177   180  0.836028  {1,0,0}     27    1
116   991   231   232  0.080216  {0,2,0}     34    0
18    994   107   109  0.600153  {1,0,0}     40    1
68   1016    32    33  0.972655  {0,1,0}     33    0
97   1022   154   158  0.855071  {0,0,1}     39    0
69   1057   155   156  0.488451  {1,3,0}     21    1
51   1061   138   139  0.136479  {0,3,0}     32    0
39   1067     4     5  0.395852  {0,2,0}     29    0
31   1068    65    66  0.714541  {0,1,0}     33    1
48   1069    17    22  0.861024  {1,1,0}     20    1
64   1077   205   207  0.946224  {0,1,1}     25    0
107  1098    17    22  0.557688  {0,1,0}     22    1
82   1099   141   150  0.199674  {0,2,0}     30    0
74   1100   154   158  0.453610  {0,1,1}     33    0
121  1107   174   189  0.121902  {1,0,0}     28    1
119  1131   107   109  0.759671  {0,2,0}     40    1
84   1135   205   207  0.075791  {0,2,0}     32    0
106  1135    10    11  0.207747  {0,2,0}     28    1
28   1166   116   117  0.392778  {0,3,0}     35    1
10   1166   249   252  0.587524  {1,3,0}     38    1
90   1169    49    50  0.602510  {0,1,0}     25    0
101  1170   243   245  0.412123  {0,2,0}     31    1
127  1173    27    30  0.253842  {0,1,0}     37    1
34   1198   228   229  0.132445  {0,1,1}     37    0
123  1206   226   251  0.217922  {0,1,0}     31    1
54   1208   109   110  0.594473  {0,1,0}     40    1
9    1243   177   180  0.902928  {1,0,0}     38    1
81   1245   174   183  0.261028  {1,0,0}     36    1
7    1265   157   163  0.214822  {1,0,0}     31    1
52   1275   126   150  0.311720  {1,1,0}     36    1
112  1281    19    25  0.430976  {0,1,0}     25    1
8    1288    81    89  0.805912  {1,0,0}     30    1
2    1291    67    68  0.017024  {0,3,0}     22    1
105  1292   101   112  0.861650  {0,1,0}     28    1
98   1296   211   212  0.240734  {1,0,0}     21    1
76   1327    43    46  0.878602  {1,1,0}     39    1
17   1329   193   194  0.394589  {0,2,0}     23    1
44   1345   126   127  0.454123  {0,1,0}     37    1
29   1346   137   138  0.552290  {0,3,0}     30    0
35   1392   122   123  0.011684  {0,3,0}     31    0
59   1407    24    25  0.240970  {1,1,0}     32    1
120  1408   164   169  0.893911  {1,0,0}     33    1
115  1414   104   114  0.937493  {0,3,0}     26    1
91   1417    34    41  0.582571  {0,2,0}     23    1
