map EGL-G1-A
fac 5 10 {0,39,43,181,89}
hosp 3 {0,1,126}
n_ALS 7 1 {3:0,1:43,3:181}
n_BLS 17 1 {3:0,2:39,4:43,5:181,3:89}
n_CLS 10 0 {2:0,3:39,1:43,1:181,3:89}
      c_m  head  tail      c_af      c_d  c_tau  c_h
83     33     0     1  0.126137  {1,1,0}     23    1
63     36   141   142  0.004878  {0,3,0}     24    1
17     46    51    52  0.873910  {0,2,0}     36    0
31     52   135   145  0.052291  {1,0,0}     31    1
39     57   213   216  0.901694  {1,1,0}     26    1
125    98    45    46  0.953164  {0,3,0}     35    0
13    175     2     3  0.784910  {1,1,0}     29    1
45    176   213   214  0.925986  {1,1,0}     25    1
8     183   169   170  0.919833  {1,0,0}     28    1
60    194     5    26  0.351517  {0,1,0}     37    0
0     204   190   192  0.806065  {0,1,0}     38    1
122   225   212   243  0.654018  {1,0,0}     34    1
1     250   134   146  0.096139  {0,2,0}     24    1
92    298   120   154  0.197236  {1,1,0}     32    0
82    299   188   189  0.726240  {1,0,0}     36    1
105   370   129   130  0.878214  {0,2,0}     33    1
68    405    55    56  0.352481  {1,1,0}     39    1
40    416   154   155  0.248578  {1,2,0}     29    1
91    421   145   146  0.811233  {1,0,0}     24    1
58    425    27    30  0.604340  {0,2,0}     21    1
47    451   158   160  0.751071  {0,2,0}     29    1
42    457   127   138  0.848144  {0,3,0}     38    1
38    461   202   203  0.634754  {0,1,1}     35    1
111   480   124   151  0.915672  {0,3,0}     24    1
6     499    83    84  0.043015  {0,1,1}     24    0
33    502    22    24  0.548543  {1,1,0}     20    1
65    503   151   152  0.420970  {1,1,0}     20    1
2     504   139   141  0.249947  {0,2,0}     23    0
66    545   227   228  0.553581  {0,0,1}     23    1
67    550    36    39  0.775047  {0,2,0}     23    0
27    554    12    13  0.787859  {0,3,0}     35    0
81    556   211   212  0.732301  {0,1,0}     31    1
34    583   195   197  0.437938  {0,1,0}     35    1
32    585   213   216  0.413355  {0,3,0}     39    1
76    596    66    68  0.863873  {0,1,0}     21    0
109   600   116   120  0.187173  {0,2,0}     24    0
28    601    36    38  0.655984  {0,2,0}     36    1
46    608   176   179  0.593842  {0,1,0}     33    1
35    619    98   130  0.893870  {1,1,0}     39    1
79    620   130   131  0.982861  {0,1,0}     38    0
98    623   213   214  0.445565  {0,3,0}     39    0
102   626   101   110  0.828096  {0,1,0}     21    1
107   631   161   162  0.976814  {1,3,0}     31    1
53    648   185   186  0.630471  {0,1,0}     21    1
80    649    83    85  0.291244  {0,2,0}     30    1
117   655   161   162  0.468821  {0,0,1}     25    1
56    657    75    76  0.064905  {1,0,0}     33    1
94    671   179   180  0.469518  {0,3,0}     40    1
126   679   117   118  0.152080  {1,0,0}     35    1
85    682     5    23  0.291403  {0,1,0}     39    0
61    683    56    57  0.332672  {0,0,1}     26    1
95    689   193   194  0.582988  {1,0,0}     32    1
69    694   237   240  0.521513  {0,2,0}     31    1
103   703    73    75  0.860098  {0,1,0}     36    1
24    717   232   233  0.388326  {0,1,0}     39    1
115   735    58    59  0.292303  {1,1,0}     22    1
96    735    80    81  0.417021  {1,1,0}     39    1
54    736   174   176  0.220998  {1,0,0}     26    1
7     737   147   148  0.068073  {1,0,0}     24    1
64    738     4     5  0.367572  {0,2,0}     37    0
43    746    83    85  0.340986  {0,1,1}     39    1
19    765   204   205  0.370676  {0,1,0}     23    0
10    769    54    58  0.511200  {1,1,0}     21    0
119   773   129   130  0.572521  {0,2,0}     25    1
106   774   138   139  0.212120  {0,1,0}     32    1
121   787   226   231  0.894030  {0,3,0}     21    0
48    796   202   204  0.193428  {1,0,0}     28    1
15    802   135   145  0.163325  {0,2,0}     21    1
12    810   154   155  0.986971  {0,1,0}     36    0
112   818    55    56  0.616919  {0,0,1}     38    0
62    820   234   235  0.354467  {0,2,0}     27    1
89    826   126   127  0.843471  {0,1,0}     30    1
116   830    53    54  0.821738  {0,1,0}     25    1
90    831   211   213  0.065988  {0,2,0}     22    1
124   834    90    95  0.664251  {0,1,0}     32    1
120   849   155   161  0.106754  {0,1,0}     22    1
57    854    43    44  0.728451  {0,1,1}     40    0
21    858   136   137  0.259041  {0,2,0}     20    0
113   863    45    46  0.128727  {0,3,0}     29    1
72    890   244   248  0.766525  {1,0,0}     25    1
50    890    63    64  0.393097  {0,2,0}     33    0
3     902   174   176  0.680769  {0,3,0}     40    0
74    909    53    54  0.429868  {1,3,0}     21    1
20    914   132   134  0.832701  {1,0,0}     28    0
71    917   160   164  0.751715  {0,1,1}     22    1
118   920    25    26  0.326734  {0,2,0}     26    1
37    926   138   139  0.041919  {1,1,0}     37    1
4     935    73    74  0.783210  {1,0,0}     37    1
97    943    83    85  0.603425  {1,2,0}     38    1
110   952    13    14  0.272217  {0,1,1}     34    1
9     978   102   103  0.148885  {0,2,0}     32    1
44    981    23   229  0.334533  {0,3,0}     38    1
51    983   118   119  0.261035  {1,1,0}     40    1
86    992    37    74  0.757822  {0,1,1}     20    1
88    998   157   158  0.817591  {0,2,0}     25    0
93    999    77    81  0.508882  {0,2,0}     28    0
59   1008     7    30  0.539478  {0,3,0}     21    1
99   1010    23   170  0.231616  {1,0,0}     38    1
26   1012    86    87  0.521841  {0,1,0}     23    1
16   1018    29    31  0.573699  {0,3,0}     27    1
5    1021   206   207  0.634443  {1,1,0}     27    1
87   1030   192   193  0.419593  {0,3,0}     28    0
36   1045     6     7  0.184326  {0,0,1}     28    0
30   1060   213   214  0.663639  {0,2,0}     40    0
52   1061   186   187  0.193151  {1,0,0}     25    0
73   1080   158   159  0.124939  {1,0,0}     32    1
123  1114    61    62  0.147762  {0,2,0}     36    1
55   1133    22    24  0.086605  {1,0,0}     29    1
29   1140   155   161  0.936513  {0,3,0}     40    0
41   1141   211   213  0.078910  {0,2,0}     25    1
127  1159   139   141  0.105901  {0,2,0}     26    1
25   1161   207   208  0.199468  {0,2,0}     33    0
101  1174    88    89  0.616870  {0,2,0}     29    0
104  1181    68    79  0.918331  {0,1,0}     33    0
108  1183   225   248  0.440117  {0,3,0}     22    0
78   1184    29    30  0.142298  {0,3,0}     33    0
100  1209   107   108  0.994659  {0,1,1}     37    0
23   1209   176   180  0.020325  {1,1,0}     32    1
11   1231    73    75  0.033389  {0,1,0}     40    1
14   1241   240   241  0.883397  {0,1,1}     20    1
75   1269    29    31  0.120291  {0,2,0}     35    1
70   1274   202   203  0.161972  {0,2,0}     24    0
22   1334    94    95  0.791862  {0,3,0}     36    1
114  1342    56    57  0.584522  {1,0,0}     22    1
77   1362   157   159  0.710480  {1,1,0}     23    1
84   1369    29    31  0.596157  {0,1,1}     34    0
49   1427    31    38  0.444610  {1,0,0}     26    1
18   1427   151   154  0.668163  {1,0,0}     23    1
