map EGL-G2-D
fac 5 10 {0,154,124,167,30}
hosp 1 {0}
n_ALS 9 1 {3:0,1:154,2:124,3:167}
n_BLS 15 1 {3:0,2:154,3:124,4:167,3:30}
n_CLS 8 0 {1:0,2:154,2:124,1:167,2:30}
      c_m  head  tail      c_af      c_d  c_tau  c_h
83     24    18    20  0.407029  {0,2,0}     27    1
21     42   150   151  0.583961  {1,0,0}     35    1
60     49   219   223  0.590076  {0,2,0}     23    1
61     95   124   125  0.877883  {0,2,0}     31    0
53     96     3    23  0.936585  {1,1,0}     27    1
117   107    59    72  0.099174  {0,2,0}     22    0
44    138    48    57  0.457571  {0,2,0}     40    1
55    163   151   153  0.162199  {1,1,0}     28    1
24    263    89    97  0.230482  {1,1,0}     38    1
116   268   108   109  0.245646  {0,3,0}     21    0
6     272   125   152  0.340438  {0,3,0}     39    1
62    277   154   158  0.357403  {0,2,0}     35    0
104   328    92    93  0.403219  {0,1,0}     32    0
111   346    30    33  0.867397  {1,1,0}     37    1
63    377    36    37  0.393676  {1,1,0}     26    1
32    381    45    64  0.173712  {1,1,0}     39    1
118   384    90    92  0.474464  {0,1,0}     34    1
101   399   148   149  0.437642  {0,3,0}     28    1
57    400   197   199  0.683363  {0,2,0}     37    1
114   409    61    65  0.796845  {0,1,1}     39    1
31    454     8    33  0.975849  {0,1,1}     34    1
81    482   130   131  0.156273  {1,1,0}     20    1
38    493    16    17  0.614730  {1,1,0}     21    1
77    496   226   251  0.904978  {0,2,0}     35    0
47    503    39    52  0.859996  {0,1,0}     24    1
37    514   170   174  0.123321  {0,3,0}     33    1
35    553    66    93  0.866358  {0,1,0}     38    0
58    557    63    65  0.153725  {0,3,0}     36    0
72    560   185   187  0.686138  {0,3,0}     21    1
64    573   108   109  0.678071  {0,1,0}     32    1
92    590   222   223  0.300762  {1,1,0}     23    1
125   591    36    39  0.091096  {0,1,0}     23    1
113   591    90    92  0.316900  {1,0,0}     27    1
18    601    54    58  0.876168  {0,3,0}     40    1
87    601    67    68  0.173978  {0,3,0}     26    0
86    612   172   173  0.567135  {1,1,0}     27    1
79    637    83    84  0.836589  {0,1,0}     35    1
71    638    54    58  0.821238  {0,1,0}     36    1
5     643   151   153  0.823159  {0,1,0}     26    0
27    649    20    21  0.333559  {0,0,1}     28    0
25    651   140   142  0.147563  {0,2,0}     22    0
41    663    49    50  0.534571  {0,1,0}     30    1
91    664    76    77  0.945062  {1,1,0}     24    1
89    668   249   250  0.719206  {1,1,0}     32    1
48    671   196   198  0.409080  {0,2,0}     23    0
13    686   106   108  0.256352  {0,1,0}     33    1
34    717   129   138  0.646381  {1,1,0}     34    1
22    725     4     5  0.802506  {0,1,0}     37    1
102   725   221   222  0.733659  {0,2,0}     21    0
126   726   155   156  0.964863  {0,3,0}     25    0
15    731    82    85  0.861596  {0,2,0}     27    0
11    734    37    75  0.133939  {0,2,0}     21    0
10    753   177   180  0.044831  {1,1,0}     33    1
112   756    76    77  0.827072  {0,2,0}     38    1
52    757   152   153  0.366013  {0,3,0}     28    1
1     760   157   163  0.079119  {0,1,0}     36    1
66    762    29    30  0.925595  {0,2,0}     21    1
127   763     3     4  0.403591  {0,3,0}     39    1
45    774   192   193  0.993068  {0,1,0}     30    1
3     782   190   192  0.047480  {1,0,0}     32    1
30    787    11    42  0.284500  {1,1,0}     40    0
73    799   135   147  0.416724  {1,0,0}     36    1
106   807   175   176  0.218512  {0,1,1}     23    1
0     810     7     8  0.206603  {0,3,0}     23    1
108   815    63    64  0.968334  {1,0,0}     36    1
99    823   220   221  0.584571  {0,1,0}     27    1
46    833    25    26  0.271960  {0,3,0}     30    0
9     869    97    98  0.614469  {0,1,0}     34    1
56    886   163   167  0.942967  {0,2,0}     20    0
70    887    50    52  0.616543  {0,1,0}     39    1
7     891   226   229  0.974771  {0,3,0}     36    0
14    903    86    87  0.316510  {0,1,0}     34    0
36    905    27    30  0.081447  {1,3,0}     27    1
2     907   157   163  0.085912  {0,1,0}     30    0
43    912   130   137  0.434074  {0,1,0}     31    1
82    913    74    75  0.088754  {1,1,0}     33    1
17    917   205   207  0.670654  {1,1,0}     32    1
23    918    37    75  0.711164  {0,3,0}     40    1
33    929   204   206  0.540819  {0,1,0}     32    1
54    931    74    76  0.255133  {0,1,0}     37    1
39    939   248   249  0.863614  {1,1,0}     25    0
124   945   216   217  0.206717  {0,3,0}     32    1
107   957   129   130  0.998442  {1,1,0}     39    1
12    958   136   146  0.313772  {0,3,0}     31    1
120   960   251   254  0.640440  {0,1,0}     39    1
4     975    39    73  0.786750  {0,1,0}     30    1
50    984   102   103  0.215958  {1,0,0}     22    1
121  1003    66    93  0.217982  {1,1,0}     37    1
95   1008    60    68  0.649668  {0,2,0}     25    0
110  1013   180   181  0.556496  {0,0,1}     34    1
115  1023   235   236  0.955542  {0,2,0}     33    0
84   1028    36    38  0.652358  {0,2,0}     29    1
69   1029   228   229  0.621297  {1,1,0}     40    1
105  1036    67    69  0.608879  {0,2,0}     21    1
78   1041   201   202  0.529929  {0,3,0}     21    1
122  1047    19    25  0.809333  {0,2,0}     35    1
29   1055   103   111  0.137702  {0,3,0}     35    0
85   1055    39    52  0.956399  {0,1,0}     26    1
88   1056   126   150  0.892798  {0,3,0}     37    1
67   1061   179   184  0.136935  {0,2,0}     34    0
74   1075    82    83  0.843303  {0,3,0}     22    1
90   1078    79    80  0.216761  {0,3,0}     36    0
42   1083   240   241  0.891732  {0,0,1}     25    0
51   1091    69    70  0.532837  {0,1,0}     21    1
40   1100    97   112  0.655672  {0,2,0}     31    0
75   1155   220   221  0.281421  {0,3,0}     23    0
19   1158    73    74  0.254737  {0,2,0}     34    1
26   1182    63    65  0.891457  {0,2,0}     38    1
100  1209    14    15  0.802640  {0,2,0}     20    1
8    1216    31    38  0.622978  {1,0,0}     40    1
103  1222   170   174  0.848304  {0,1,0}     40    0
109  1226    54    55  0.716330  {0,3,0}     37    1
20   1234    48    49  0.381302  {0,0,1}     21    1
28   1234   223   224  0.350735  {0,3,0}     33    0
59   1265    49    50  0.738909  {1,1,0}     23    1
94   1279   211   212  0.616889  {0,2,0}     24    1
49   1299   157   163  0.418980  {0,2,0}     34    1
98   1303    91    96  0.791793  {0,1,0}     27    0
68   1305    60    68  0.468869  {0,1,0}     36    0
93   1308   212   213  0.974817  {0,2,0}     26    1
123  1327    65    66  0.416865  {0,2,0}     38    0
76   1344    61    62  0.101632  {0,2,0}     29    1
119  1351    61    62  0.057886  {1,0,0}     34    1
97   1361   220   221  0.829950  {1,1,0}     21    1
80   1392   153   154  0.561350  {1,1,0}     24    0
16   1424    95    99  0.153885  {0,2,0}     30    0
96   1431    74    75  0.862341  {0,0,1}     26    0
65   1438   216   218  0.203416  {1,0,0}     38    1
