map EGL-G1-B
fac 5 10 {0,192,168,23,154}
hosp 3 {0,222,143}
n_ALS 9 1 {1:192,2:168,4:23,2:154}
n_BLS 24 1 {3:0,5:192,3:168,6:23,7:154}
n_CLS 8 0 {5:0,1:192,1:168,1:154}
      c_m  head  tail      c_af      c_d  c_tau  c_h
25     16     8    33  0.753683  {1,1,0}     21    1
60     19   204   205  0.116740  {0,2,0}     26    0
94     44   184   185  0.669583  {1,0,0}     38    1
117    47    94    95  0.433782  {0,1,0}     33    1
13     53   175   176  0.383534  {0,2,0}     28    0
80     59     1    12  0.867469  {0,1,0}     34    1
47     60   206   207  0.518368  {0,1,1}     24    1
120    70   171   172  0.410194  {1,0,0}     35    1
78     75    30    33  0.985099  {0,1,0}     29    1
111   141   155   161  0.066569  {1,2,0}     37    1
61    157     4     5  0.368571  {0,2,0}     26    0
124   162   167   175  0.557609  {0,3,0}     36    1
48    165    69    78  0.272018  {1,2,0}     38    1
46    172    85    86  0.065369  {0,2,0}     26    1
9     212   102   110  0.406930  {0,2,0}     28    1
45    314   164   165  0.161833  {0,1,0}     29    1
10    361    39    40  0.837127  {0,2,0}     29    1
112   372    31    38  0.104248  {1,0,0}     33    1
24    441   189   190  0.441809  {0,3,0}     36    1
106   465   231   232  0.951711  {0,1,0}     22    1
125   467    83    85  0.085027  {0,3,0}     26    1
87    482   126   127  0.512787  {0,1,0}     36    1
33    482   162   166  0.605583  {0,1,0}     26    0
122   489   152   153  0.507080  {1,1,0}     32    1
72    491   166   167  0.670356  {0,3,0}     33    1
32    502    72    73  0.378085  {1,0,0}     27    1
37    507   166   167  0.800355  {1,1,0}     22    1
82    516   107   108  0.066848  {1,0,0}     21    1
54    522    65    91  0.476953  {0,0,1}     26    1
64    528   185   186  0.235103  {0,2,0}     22    1
6     534   220   222  0.999543  {0,0,1}     32    0
2     552   161   162  0.366165  {1,1,0}     20    1
15    557   155   156  0.632327  {0,1,0}     22    1
98    561   225   227  0.251286  {0,2,0}     24    0
92    565   202   203  0.127897  {0,1,1}     30    1
50    568   165   177  0.117458  {0,1,0}     29    0
52    592   106   108  0.404862  {0,3,0}     22    0
121   597   142   144  0.240190  {0,1,0}     38    1
51    598   100   111  0.859241  {0,0,1}     28    0
0     606    85    86  0.878159  {0,1,1}     30    0
38    609    59    60  0.662778  {0,2,0}     28    0
30    630     6     7  0.542330  {0,2,0}     33    0
81    635   245   246  0.131423  {0,1,1}     20    0
79    638   196   197  0.661380  {0,1,0}     29    1
119   656   108   109  0.068770  {0,1,0}     32    0
39    662   101   102  0.283720  {0,3,0}     27    1
76    663    18    20  0.371069  {1,0,0}     37    1
67    667   100   101  0.393052  {0,2,0}     34    0
100   667   155   161  0.119677  {0,1,0}     37    0
41    676   140   149  0.908333  {1,1,0}     33    1
96    678   129   136  0.192892  {0,2,0}     20    1
68    678     8    33  0.915361  {0,3,0}     39    0
83    685   245   246  0.259667  {1,1,0}     32    1
127   697   158   160  0.429061  {0,2,0}     36    1
5     697    29    30  0.301224  {0,3,0}     39    0
1     710   157   159  0.068677  {0,1,0}     33    1
53    721   134   146  0.961475  {1,0,0}     35    1
77    725   125   126  0.954254  {1,2,0}     36    1
97    731    53    54  0.090964  {0,1,0}     20    0
93    774   116   117  0.850594  {1,1,0}     31    1
113   784    30    33  0.969999  {0,3,0}     31    0
74    800    70    72  0.779687  {0,2,0}     24    0
7     802   231   232  0.760001  {0,1,1}     20    0
115   811    29    30  0.600712  {1,1,0}     23    1
16    819    65    92  0.914070  {0,1,0}     30    1
17    830    84   100  0.730273  {0,1,0}     22    0
21    858   210   212  0.396933  {0,1,1}     37    1
43    860   156   162  0.655560  {0,1,1}     36    0
99    870   146   147  0.951839  {0,1,0}     20    1
18    885    69    78  0.628223  {1,1,0}     29    1
26    888   175   176  0.830535  {0,2,0}     34    1
56    891   210   212  0.187433  {0,1,1}     28    1
35    892    58    59  0.002410  {0,2,0}     38    1
27    904     6     7  0.877745  {0,1,0}     26    1
123   906   234   236  0.478925  {0,1,0}     28    1
40    917    28    29  0.708869  {0,1,0}     36    1
12    920   142   144  0.477519  {0,2,0}     22    0
58    926    37    74  0.561815  {0,3,0}     40    0
109   934    50    52  0.945577  {0,1,1}     34    1
114   935   163   168  0.471685  {0,2,0}     38    1
59    955   142   143  0.938636  {0,2,0}     35    1
105   959   174   176  0.402827  {0,2,0}     20    0
49    960     6     7  0.208449  {0,2,0}     35    0
23    972   121   122  0.138416  {1,0,0}     31    1
110   981    70    71  0.091024  {0,3,0}     30    0
102  1004    57    61  0.545986  {0,3,0}     25    1
89   1007    96   111  0.931528  {1,1,0}     34    1
75   1009   149   150  0.110729  {0,2,0}     21    1
31   1011   102   110  0.992296  {0,1,0}     29    1
108  1013    56    57  0.521509  {0,1,0}     31    1
14   1039   184   185  0.974289  {1,3,0}     26    1
4    1045    17    19  0.563402  {0,1,0}     23    1
71   1048     6    27  0.313563  {0,1,1}     35    0
91   1051    80    81  0.891568  {1,1,0}     22    1
28   1058   231   236  0.433368  {1,0,0}     36    1
107  1061    23   149  0.844881  {0,1,1}     24    1
69   1084   122   123  0.110531  {0,2,0}     36    1
44   1084    43    45  0.383611  {1,1,0}     35    1
88   1091     1     2  0.561276  {0,1,0}     37    0
36   1092   178   179  0.846091  {1,0,0}     24    1
65   1100   232   233  0.918283  {0,1,0}     27    1
66   1104   111   112  0.525496  {0,0,1}     21    1
62   1133    26    28  0.200047  {0,1,0}     31    1
55   1150   176   180  0.126871  {1,1,0}     33    1
104  1160   157   159  0.933053  {0,2,0}     29    1
85   1161   196   203  0.913023  {0,3,0}     33    1
20   1161   199   201  0.291990  {0,1,0}     39    1
95   1175    18    19  0.384494  {0,3,0}     40    1
63   1176    96   114  0.061699  {0,2,0}     40    1
57   1177   210   212  0.591012  {0,2,0}     22    0
8    1197   240   241  0.630412  {1,0,0}     28    1
126  1229    98   131  0.474977  {0,3,0}     31    1
118  1233   100   111  0.653323  {0,0,1}     37    0
22   1237    59    60  0.756444  {0,3,0}     33    1
70   1238   184   185  0.034349  {0,2,0}     20    0
73   1252   163   168  0.558190  {1,1,0}     34    1
90   1254   234   235  0.351111  {0,2,0}     21    1
84   1259   137   138  0.124957  {1,1,0}     21    1
101  1268    46    47  0.823436  {1,1,0}     23    1
103  1275   185   192  0.358457  {0,2,0}     27    0
42   1298   228   229  0.113006  {0,0,1}     21    1
19   1299    31    32  0.663899  {0,2,0}     37    1
29   1375   150   151  0.987853  {1,0,0}     35    1
3    1395   124   125  0.595141  {0,2,0}     22    1
11   1400   129   130  0.991450  {0,0,1}     35    1
34   1407   124   125  0.947770  {0,1,1}     31    1
86   1429    98   130  0.357165  {0,1,0}     39    1
116  1439   210   211  0.842417  {0,1,0}     33    1
