map EGL-G2-C
fac 5 10 {0,107,98,212,56}
hosp 2 {0,126}
n_ALS 7 1 {1:0,1:107,2:98,3:212}
n_BLS 21 1 {6:0,3:107,4:98,5:212,3:56}
n_CLS 7 0 {2:0,4:107,1:56}
      c_m  head  tail      c_af      c_d  c_tau  c_h
92     16   245   247  0.854049  {0,1,1}     26    1
101    24   101   112  0.425432  {0,2,0}     33    1
24     50   240   242  0.138006  {1,0,0}     35    1
107    58   103   104  0.027652  {1,0,0}     38    1
96     71   166   167  0.919332  {0,2,0}     31    1
61     98   175   176  0.481214  {1,0,0}     31    1
78    127   177   180  0.500146  {1,0,0}     27    1
113   155    94    95  0.380852  {1,0,0}     27    1
1     198   195   248  0.839071  {0,1,1}     35    1
43    207    10    11  0.244207  {0,1,0}     36    1
104   220    56    57  0.089780  {0,2,0}     21    1
65    224    96    98  0.818232  {0,3,0}     38    1
37    282   201   202  0.072531  {1,1,0}     33    1
117   309   104   105  0.307284  {0,0,1}     33    0
49    359   220   221  0.769653  {0,3,0}     37    1
112   367   117   119  0.377515  {0,1,1}     24    1
60    460    86    87  0.575820  {0,0,1}     40    0
5     466   103   111  0.766869  {0,1,0}     37    1
50    478     6     7  0.091086  {0,1,0}     30    1
8     483   244   253  0.891786  {0,2,0}     29    1
95    498    20    21  0.124255  {0,2,0}     33    1
88    502    63    64  0.101984  {1,0,0}     23    1
109   502   115   116  0.356503  {0,1,0}     25    1
51    531   208   209  0.215354  {1,0,0}     36    1
86    547   185   186  0.805321  {0,1,0}     35    0
22    547    63    64  0.407806  {0,3,0}     24    1
16    555   231   232  0.499609  {0,1,0}     28    1
2     556   152   153  0.725926  {0,2,0}     34    1
53    558   197   199  0.317692  {1,1,0}     29    1
119   568    30    33  0.289660  {0,2,0}     39    0
102   570   249   250  0.508208  {0,3,0}     35    1
121   578   240   242  0.713843  {1,0,0}     39    1
81    578   212   213  0.424006  {1,0,0}     35    1
98    589    67    69  0.201237  {0,2,0}     39    1
126   609   204   206  0.307715  {0,2,0}     25    1
108   616   210   211  0.359793  {0,1,0}     29    1
69    618    97   115  0.185437  {1,0,0}     20    1
123   626   154   158  0.578009  {0,3,0}     30    0
68    627    45    46  0.264741  {0,1,1}     20    1
3     631   201   202  0.689386  {0,1,0}     30    0
31    631    12    13  0.132820  {0,3,0}     37    0
41    637   208   210  0.010184  {1,1,0}     26    1
105   639   151   153  0.696942  {1,0,0}     38    0
36    646    62    63  0.964924  {0,3,0}     35    1
106   665   205   208  0.124365  {0,1,0}     38    1
23    674   191   195  0.706515  {0,2,0}     21    1
114   685    63    65  0.768513  {0,2,0}     38    0
66    690    57    61  0.848635  {0,1,0}     35    1
17    698   125   126  0.807416  {1,0,0}     26    1
72    700   239   243  0.029916  {0,1,0}     30    1
13    700    67    68  0.989405  {0,2,0}     38    0
67    701    66    93  0.313984  {1,1,0}     37    1
118   706   233   234  0.073824  {1,0,0}     25    1
30    714    78    79  0.766194  {0,2,0}     22    0
27    714   245   246  0.115867  {0,2,0}     27    0
48    720    49    56  0.567469  {0,2,0}     38    0
34    720   145   146  0.045345  {0,1,0}     27    0
116   721    19    20  0.255552  {0,1,0}     31    1
18    740   233   254  0.814622  {0,3,0}     32    1
100   741   113   114  0.588217  {0,2,0}     23    1
11    744    78    82  0.465298  {0,0,1}     35    0
32    753   119   120  0.062190  {0,2,0}     40    0
70    757   239   244  0.606672  {0,1,0}     33    1
0     787   211   212  0.521987  {1,0,0}     28    1
38    813   251   254  0.142566  {0,1,1}     22    1
9     818   179   180  0.778397  {0,2,0}     36    1
10    827   174   189  0.312083  {0,2,0}     29    0
90    839   117   118  0.193678  {0,0,1}     26    1
79    840   203   204  0.199677  {0,2,0}     38    1
44    851    41    51  0.651533  {0,0,1}     38    1
71    876   195   196  0.378417  {0,2,0}     32    1
40    878   129   138  0.370837  {0,3,0}     38    1
74    890   177   180  0.908781  {0,2,0}     37    0
80    894     5    23  0.480764  {0,2,0}     20    0
57    896    79    80  0.708749  {0,3,0}     25    1
26    899   159   160  0.594267  {1,1,0}     34    1
83    915    76    78  0.296521  {1,0,0}     20    1
14    918    69    80  0.898603  {1,0,0}     38    1
39    922   200   201  0.206067  {1,1,0}     33    1
56    925    66    92  0.625121  {0,2,0}     36    0
91    932   195   248  0.081094  {0,3,0}     38    1
73    932    40    41  0.655211  {1,0,0}     25    1
125   934   247   249  0.599968  {0,2,0}     30    0
122   937   174   183  0.765036  {0,1,0}     26    1
46    947   132   133  0.684952  {1,0,0}     40    1
25    952    63    64  0.571055  {1,2,0}     28    1
19    955    50    52  0.529072  {1,1,0}     22    1
55    970   222   223  0.960564  {0,1,0}     36    1
124   974    96    98  0.943600  {1,0,0}     22    1
58   1011     1     2  0.847739  {0,2,0}     29    1
4    1014   180   181  0.340626  {0,1,0}     23    1
111  1019    38    40  0.419906  {1,1,0}     25    1
97   1023   128   139  0.521966  {0,3,0}     22    1
54   1024    91    96  0.571898  {0,1,0}     30    0
6    1032   215   221  0.697893  {0,2,0}     34    1
47   1037   174   189  0.056214  {1,1,0}     34    1
21   1044    99   132  0.682779  {0,0,1}     21    1
59   1074   226   227  0.537458  {0,2,0}     27    1
35   1109    76    77  0.608592  {1,0,0}     25    1
94   1110    32    33  0.743650  {0,3,0}     27    1
82   1123   162   163  0.591992  {0,2,0}     32    0
120  1129    18    20  0.665862  {0,1,0}     25    1
77   1130    39    52  0.574219  {0,1,1}     34    1
103  1134   113   114  0.394473  {1,2,0}     23    1
33   1138    54    58  0.379968  {1,1,0}     34    1
12   1150    39    40  0.714778  {1,3,0}     30    1
99   1164   213   215  0.100511  {0,3,0}     25    1
20   1172    74    75  0.195648  {0,1,0}     32    0
29   1196    24    26  0.452219  {0,1,0}     31    1
62   1198   181   182  0.196542  {0,1,1}     40    1
110  1205   117   118  0.183863  {0,1,1}     26    1
75   1212    99   132  0.538292  {0,3,0}     31    1
85   1229    42    43  0.454274  {1,0,0}     21    1
115  1231    48    57  0.588162  {0,2,0}     38    1
93   1242    27    30  0.052442  {0,1,0}     26    0
52   1247    49    56  0.579908  {0,3,0}     36    1
7    1250   170   174  0.387107  {1,1,0}     20    1
76   1254   167   168  0.905892  {0,1,0}     34    1
84   1261    29    31  0.963318  {1,1,0}     39    1
15   1277   129   130  0.414308  {1,0,0}     27    1
42   1301    61    62  0.988085  {0,3,0}     36    1
89   1320     9    10  0.337017  {0,1,0}     30    1
87   1331     6     7  0.331655  {0,1,0}     23    0
127  1354   136   146  0.719170  {1,1,0}     22    1
45   1370   199   200  0.188656  {0,2,0}     35    1
63   1373   117   118  0.013583  {0,2,0}     40    1
64   1378    20    21  0.885424  {0,1,0}     34    1
28   1395   186   198  0.353664  {1,1,0}     39    1
