map EGL-G2-A
fac 5 10 {0,56,108,78,194}
hosp 3 {0,184,106}
n_ALS 10 1 {2:0,5:56,1:108,2:194}
n_BLS 19 1 {3:0,3:56,6:108,3:78,4:194}
n_CLS 9 0 {1:0,2:56,3:108,2:78,1:194}
      c_m  head  tail      c_af      c_d  c_tau  c_h
72     12    87    88  0.129691  {1,1,0}     20    1
59     57    98   127  0.937035  {1,0,0}     30    1
69     69   107   109  0.813629  {0,1,0}     40    1
47    105   152   155  0.779964  {1,0,0}     27    1
108   130    95    96  0.845963  {0,2,0}     22    0
84    142    13    14  0.818376  {0,2,0}     28    0
82    145   247   248  0.154381  {0,3,0}     23    1
112   223    99   100  0.433128  {0,2,0}     28    1
42    229   184   185  0.010405  {0,0,1}     33    0
115   265    67    69  0.759514  {0,2,0}     25    1
74    337   211   212  0.283485  {1,1,0}     31    1
43    347   228   229  0.060928  {0,1,0}     24    1
3     349    18    19  0.659874  {0,2,0}     40    1
27    366    39    73  0.792528  {0,1,0}     21    1
79    408   226   229  0.971030  {0,3,0}     34    0
19    425   233   254  0.254545  {0,1,0}     20    1
127   427   184   185  0.662916  {0,1,0}     35    0
57    454    61    62  0.555618  {0,2,0}     39    1
54    484    81    89  0.604299  {0,1,0}     39    1
111   490   166   167  0.782118  {0,1,0}     22    0
55    498   193   194  0.576277  {0,1,0}     35    1
26    502   193   194  0.036247  {0,3,0}     36    0
110   504   236   238  0.312002  {1,0,0}     28    0
53    504    35    36  0.173515  {0,3,0}     33    1
116   507    97    98  0.086482  {0,1,0}     38    1
109   519   251   252  0.690033  {0,1,0}     38    1
31    522    74    76  0.422765  {1,1,0}     23    1
41    522    78    82  0.114024  {0,0,1}     40    0
32    543     0    21  0.495921  {1,1,0}     32    1
65    552   164   169  0.485679  {0,1,1}     38    1
52    563   205   208  0.786421  {0,2,0}     27    0
20    564   120   170  0.397584  {0,2,0}     32    1
126   590   190   191  0.050389  {0,0,1}     30    0
121   593   143   144  0.042027  {0,2,0}     20    1
63    603    97   115  0.179100  {0,2,0}     32    0
66    610   126   127  0.442227  {0,3,0}     31    0
67    621   248   249  0.131728  {0,1,0}     34    0
39    622   213   214  0.078588  {0,2,0}     25    0
122   623   159   160  0.801478  {0,2,0}     36    1
64    630   213   214  0.942909  {1,0,0}     34    1
6     631   215   221  0.190430  {0,1,0}     23    0
78    638   141   150  0.595215  {0,1,0}     30    1
89    676    89    90  0.972327  {1,1,0}     36    1
33    691   221   222  0.326316  {0,3,0}     27    0
7     705   175   177  0.836966  {0,0,1}     31    0
91    707    50    52  0.886792  {0,2,0}     39    0
40    708    53    54  0.990198  {1,1,0}     22    1
77    709    35    36  0.596846  {1,2,0}     20    1
50    712   177   180  0.038446  {0,3,0}     25    1
11    716   109   110  0.483824  {0,1,0}     20    1
123   721   210   215  0.382966  {1,0,0}     25    1
125   721    89    97  0.663157  {0,3,0}     33    0
23    726    55    56  0.804017  {0,1,0}     20    0
10    727   141   142  0.354681  {0,2,0}     35    1
18    729   146   147  0.835663  {1,0,0}     25    1
56    729     2    14  0.435895  {0,2,0}     26    1
12    741    24    26  0.074952  {1,0,0}     34    1
61    747   117   118  0.006242  {0,2,0}     33    1
97    747    16    17  0.073030  {0,2,0}     20    0
104   761   177   181  0.072363  {0,3,0}     30    1
21    767    43    46  0.942294  {1,0,0}     24    1
86    767   251   254  0.434230  {0,3,0}     21    0
71    773    42    43  0.797792  {0,2,0}     34    1
1     781   140   141  0.527224  {0,3,0}     31    1
120   787   193   246  0.123414  {0,1,0}     21    1
93    793   225   226  0.852779  {1,0,0}     34    1
101   798    99   131  0.744774  {0,2,0}     36    0
48    800    45    46  0.194374  {0,2,0}     20    1
4     801   197   200  0.300680  {1,1,0}     25    1
62    809   117   118  0.395575  {0,2,0}     40    1
119   809    91    96  0.220793  {0,0,1}     23    0
49    822    53    55  0.363825  {1,3,0}     21    1
81    827    38    40  0.146881  {1,1,0}     27    0
100   839    34    41  0.556336  {0,2,0}     40    1
118   860   177   180  0.440303  {0,2,0}     28    0
38    871    56    57  0.612127  {0,1,0}     35    1
60    879   121   155  0.720864  {0,1,1}     27    1
22    885   142   143  0.572776  {0,2,0}     20    0
14    900   107   108  0.747758  {0,2,0}     36    1
9     901     9    10  0.902929  {0,2,0}     40    1
80    902   159   161  0.727583  {0,0,1}     25    0
36    907    76    78  0.940802  {0,1,0}     26    1
114   920   166   178  0.715919  {0,1,0}     27    0
75    924   231   232  0.023554  {1,1,0}     26    1
87    926    16    18  0.932716  {0,1,0}     21    0
113   931   213   214  0.034275  {0,1,0}     22    0
103   942   156   157  0.019640  {0,2,0}     26    1
83    942   105   107  0.079370  {1,1,0}     39    1
13    949    85   101  0.476110  {0,1,1}     30    1
88    954   109   110  0.673644  {0,0,1}     33    1
45    964   244   245  0.738948  {0,2,0}     37    1
15    974   143   144  0.052086  {0,1,0}     26    0
44    983   225   226  0.804855  {1,1,0}     32    1
98    986   244   253  0.315127  {0,3,0}     32    1
0     995   242   243  0.213664  {1,0,0}     32    1
28    998    50    53  0.395697  {0,3,0}     28    1
96   1008    68    69  0.935823  {0,1,1}     22    0
106  1015   202   203  0.587496  {0,1,1}     38    1
8    1017   129   130  0.853998  {0,1,0}     20    0
68   1036   135   147  0.212615  {0,3,0}     21    1
76   1050   178   185  0.303774  {0,1,0}     28    0
34   1060     3    23  0.320801  {0,2,0}     36    1
124  1079   228   229  0.590487  {1,0,0}     33    1
99   1082    82    83  0.864371  {0,1,0}     21    1
24   1098    69    80  0.136182  {0,3,0}     20    1
58   1100   152   153  0.257676  {0,0,1}     39    1
2    1116    17    22  0.797293  {0,3,0}     20    1
73   1123    73    74  0.073903  {0,1,0}     23    1
85   1149   245   247  0.785495  {0,2,0}     40    1
90   1151   233   254  0.997278  {0,1,0}     33    1
37   1168   243   245  0.165783  {1,0,0}     40    1
92   1212   215   221  0.762218  {0,0,1}     32    1
17   1213    30    33  0.872837  {0,1,1}     40    0
16   1214   121   122  0.211338  {0,1,0}     36    0
46   1240    95    99  0.273007  {1,0,0}     32    1
94   1240   243   245  0.557853  {1,0,0}     36    1
35   1241    36    37  0.654867  {0,1,1}     30    0
29   1248     4     5  0.446937  {1,1,0}     27    1
107  1256   253   254  0.803909  {0,1,0}     26    1
117  1260    92    93  0.427728  {0,2,0}     31    1
105  1332   217   219  0.108159  {0,0,1}     38    1
95   1333   155   156  0.044685  {0,1,0}     32    1
51   1397    12    16  0.216975  {1,0,0}     34    1
70   1400   202   209  0.126007  {0,0,1}     29    1
30   1400    48    57  0.985159  {0,1,0}     26    1
25   1405    93    94  0.832938  {0,2,0}     30    1
102  1411    31    38  0.101250  {0,3,0}     38    1
5    1418    79    80  0.637453  {0,0,1}     22    0
