map EGL-G2-A
fac 5 10 {0,247,69,156,93}
hosp 2 {0,115}
n_ALS 9 1 {4:0,1:247,1:69,1:156,2:93}
n_BLS 23 1 {4:0,6:247,5:69,2:156,6:93}
n_CLS 8 0 {2:0,1:247,1:69,3:156,1:93}
      c_m  head  tail      c_af      c_d  c_tau  c_h
53     28   137   138  0.081577  {0,3,0}     24    0
29     33    84    86  0.326248  {1,1,0}     40    1
42     35   137   138  0.640793  {0,1,1}     34    0
91     67   245   246  0.460976  {0,3,0}     26    1
83     69   120   162  0.675722  {0,3,0}     20    0
77     88    36    39  0.093548  {0,2,0}     34    1
108    98    40    41  0.673457  {0,2,0}     25    1
58    165    69    80  0.740979  {0,3,0}     29    0
75    170   191   195  0.292335  {1,0,0}     23    0
87    172   251   254  0.992633  {0,2,0}     39    0
112   180     1     2  0.611670  {0,1,0}     37    1
126   180   136   146  0.590955  {0,1,0}     28    0
13    213    63    64  0.749992  {0,2,0}     39    0
78    226    27    28  0.531966  {0,3,0}     31    1
63    227    91    92  0.994372  {1,1,0}     38    1
99    282    76    78  0.924791  {1,1,0}     33    1
33    310    16    17  0.713505  {0,2,0}     37    0
92    314   103   111  0.748025  {0,1,0}     32    0
11    319     0     1  0.534303  {0,2,0}     37    0
35    339    56    57  0.829578  {0,3,0}     21    1
120   341   192   194  0.353901  {0,2,0}     37    0
15    429   236   237  0.634030  {0,0,1}     28    1
49    435    61    62  0.963338  {0,3,0}     24    1
6     442   194   242  0.106055  {0,3,0}     23    1
30    443   240   241  0.481359  {0,1,0}     24    1
22    458   166   175  0.836179  {1,1,0}     22    1
7     464   186   198  0.463127  {0,1,0}     32    0
12    471   154   158  0.573742  {0,2,0}     20    1
100   501    49    56  0.122587  {1,0,0}     26    1
70    538   176   177  0.954699  {0,3,0}     33    1
127   541   123   124  0.491429  {0,2,0}     29    0
79    553    24    25  0.688125  {1,1,0}     28    1
115   555   205   207  0.193864  {0,2,0}     30    1
32    560   132   133  0.454574  {0,1,0}     27    1
101   561   107   109  0.950126  {0,3,0}     24    1
0     570   204   205  0.738046  {0,2,0}     28    1
34    571   138   139  0.818702  {1,0,0}     33    1
88    571   184   188  0.724773  {0,1,0}     20    1
44    581    78    79  0.006151  {1,1,0}     36    1
117   589    39    52  0.270927  {0,1,1}     21    1
86    596    32    34  0.090049  {0,1,1}     25    1
31    597   240   241  0.064121  {0,1,0}     26    1
82    602   117   119  0.511337  {0,2,0}     24    0
73    604   104   114  0.856313  {0,1,0}     37    1
80    616    40    41  0.875935  {0,2,0}     39    0
55    627   126   127  0.880712  {0,1,0}     28    1
122   633   174   189  0.678631  {0,3,0}     25    1
114   638    71    73  0.298169  {0,1,1}     37    0
118   641   189   190  0.931816  {1,0,0}     32    1
107   641    43    44  0.622433  {1,1,0}     21    1
37    643    55    56  0.955886  {0,1,0}     27    1
21    676   113   115  0.035173  {0,1,1}     25    1
65    698   157   161  0.231791  {0,1,1}     38    1
16    701    24    25  0.023879  {1,1,0}     30    1
4     702    16    17  0.709314  {0,3,0}     21    0
104   711   250   251  0.740176  {1,3,0}     23    1
84    718   127   128  0.828697  {0,1,0}     38    1
105   721    49    50  0.710430  {0,1,0}     21    0
23    726   181   182  0.432274  {0,3,0}     36    1
54    732   125   152  0.979651  {0,0,1}     37    1
51    757   178   179  0.688606  {0,2,0}     31    0
26    767   150   151  0.086099  {0,2,0}     26    1
43    791     0    21  0.306933  {0,2,0}     37    1
61    793   164   169  0.811936  {1,0,0}     24    1
64    798    45    46  0.336805  {1,1,0}     24    1
68    799   122   124  0.565207  {1,1,0}     30    1
110   802   125   126  0.047801  {0,3,0}     34    0
93    806    63    65  0.192162  {0,3,0}     32    1
102   822   218   225  0.464513  {1,1,0}     30    1
14    830    23   237  0.438283  {0,2,0}     23    1
74    833   210   211  0.582202  {0,2,0}     39    1
57    837    50    52  0.340190  {1,1,0}     23    1
39    838    82    85  0.302329  {0,2,0}     32    0
66    842    10    41  0.439537  {0,1,0}     32    0
18    849   123   124  0.317426  {0,1,0}     38    1
27    860   127   128  0.324501  {0,3,0}     22    0
98    862   106   108  0.112942  {1,1,0}     27    1
121   890   164   165  0.872256  {0,0,1}     20    0
85    896    63    64  0.860028  {0,3,0}     20    1
72    915   130   131  0.568352  {0,1,0}     21    0
41    922    95    96  0.772462  {0,1,1}     31    1
25    926   109   110  0.289449  {1,1,0}     35    1
76    929    24    26  0.346648  {0,3,0}     27    1
3     931   104   114  0.032333  {1,0,0}     25    1
103   936   170   171  0.075056  {0,1,0}     27    1
94    953    23   150  0.526164  {0,3,0}     25    0
95    957   133   134  0.147897  {1,0,0}     26    0
69    957    43    46  0.857576  {1,0,0}     34    1
10    961     0     1  0.607605  {1,1,0}     33    1
56    969    14    15  0.836577  {0,1,0}     21    1
40    969    81    82  0.049312  {0,2,0}     27    1
48    971    95    99  0.092352  {0,0,1}     28    1
1     977   126   150  0.878641  {0,2,0}     28    0
17    981     0     1  0.082575  {0,1,0}     23    0
24   1001   125   150  0.945286  {0,1,0}     36    1
124  1006   136   137  0.435463  {0,1,0}     23    1
59   1015   179   184  0.128708  {0,1,0}     36    0
8    1031     3    15  0.457914  {0,1,0}     23    0
71   1040    27    30  0.797459  {1,1,0}     27    1
36   1068   108   109  0.744781  {0,1,0}     33    1
20   1074    87    88  0.028927  {1,0,0}     36    1
109  1109   145   148  0.352926  {0,1,1}     39    1
119  1118   194   242  0.518987  {0,2,0}     34    0
28   1131    66    93  0.508607  {0,1,0}     32    0
123  1133    90    91  0.267657  {1,1,0}     40    1
45   1136    10    11  0.605623  {1,0,0}     33    1
2    1155    50    52  0.437137  {0,3,0}     34    0
50   1162   172   173  0.726356  {0,2,0}     23    0
60   1166   204   206  0.837886  {0,0,1}     27    1
116  1177   212   213  0.409497  {0,1,0}     35    1
9    1178   166   167  0.716012  {1,1,0}     21    1
97   1205   104   114  0.741235  {1,1,0}     36    1
19   1215   168   176  0.932808  {1,1,0}     23    1
5    1229   166   175  0.986438  {0,2,0}     40    1
96   1231   126   150  0.624802  {0,1,0}     30    1
52   1233    70    79  0.063228  {0,2,0}     23    1
38   1234    20    21  0.419631  {0,3,0}     33    1
90   1242   129   130  0.866309  {0,3,0}     27    0
62   1256   117   118  0.752024  {0,3,0}     34    0
46   1281   186   198  0.793924  {0,2,0}     24    1
113  1315    70    71  0.520610  {0,3,0}     36    1
81   1315     9    34  0.642604  {1,1,0}     34    1
106  1332   145   148  0.600731  {0,2,0}     22    0
67   1337   194   242  0.937628  {0,3,0}     39    1
111  1340    22    24  0.940225  {1,1,0}     21    1
89   1345   105   106  0.109786  {0,2,0}     32    1
125  1371   222   223  0.709848  {0,1,1}     24    1
47   1425     7     8  0.015283  {0,3,0}     36    1
