map EGL-G2-E
fac 5 10 {0,239,30,17,127}
hosp 2 {0,105}
n_ALS 6 1 {3:239,2:30,1:127}
n_BLS 20 1 {2:0,5:239,4:30,5:17,4:127}
n_CLS 9 0 {2:239,1:30,2:17,4:127}
      c_m  head  tail      c_af      c_d  c_tau  c_h
59     26   152   155  0.519437  {0,1,0}     34    1
66     30    58    59  0.593042  {0,1,0}     22    1
76     42   222   223  0.848676  {1,0,0}     28    1
49     55    81    89  0.337999  {0,2,0}     24    0
9      75   170   171  0.351963  {1,3,0}     27    1
107   111   196   197  0.379157  {1,0,0}     20    1
39    154   163   167  0.292530  {0,3,0}     34    1
63    155    45    64  0.537562  {0,1,0}     24    1
105   165    50    53  0.066814  {0,0,1}     31    1
72    186    38    40  0.147832  {0,1,0}     30    1
3     186   213   215  0.168833  {0,1,1}     32    1
104   202   180   181  0.370889  {0,3,0}     38    0
100   207   195   196  0.917922  {0,1,0}     23    1
74    211    86    87  0.039364  {0,1,0}     25    0
20    248    82    83  0.756458  {0,1,1}     31    0
80    320    32    34  0.714237  {0,0,1}     34    0
33    330   154   158  0.193709  {0,1,0}     22    1
21    387   175   177  0.718302  {0,1,0}     22    1
102   397   140   142  0.285258  {0,0,1}     22    0
94    439    36    37  0.620477  {0,3,0}     36    0
38    441    87    88  0.359482  {0,1,0}     35    0
115   445   163   167  0.544371  {1,1,0}     24    1
92    483    59    60  0.819549  {0,3,0}     30    0
18    486    36    38  0.665581  {0,2,0}     21    1
96    486    94    95  0.670236  {0,2,0}     23    0
116   499   177   180  0.301372  {1,1,0}     37    1
15    502    45    46  0.804528  {0,2,0}     28    1
99    513   247   248  0.562286  {0,3,0}     36    0
69    518   249   250  0.023754  {0,1,0}     36    0
70    520   136   137  0.488394  {0,2,0}     38    0
4     528   239   240  0.650500  {0,1,0}     38    1
30    538   235   236  0.446458  {0,0,1}     31    1
118   547   194   242  0.823779  {0,2,0}     28    1
77    557   186   188  0.404000  {0,3,0}     27    0
54    579    10    41  0.974958  {1,1,0}     28    1
60    596   195   196  0.308660  {0,2,0}     37    1
62    600   185   186  0.849180  {0,2,0}     23    1
109   624    58    59  0.190427  {1,0,0}     26    1
119   642   128   139  0.471594  {0,0,1}     32    1
37    648    36    38  0.935829  {0,2,0}     35    1
84    649    19    20  0.125727  {0,1,1}     21    0
97    654     7     8  0.625074  {0,1,0}     23    0
31    659   252   253  0.655133  {0,2,0}     29    0
122   662    20    21  0.460661  {0,2,0}     21    1
56    663    41    51  0.600223  {0,1,0}     32    1
16    670    66    67  0.933515  {0,2,0}     22    1
71    673   175   177  0.622137  {0,3,0}     37    0
90    675    47    64  0.672844  {0,1,0}     30    0
27    695     0     1  0.462814  {1,0,0}     25    1
14    698   177   181  0.337757  {0,2,0}     21    0
10    707   177   180  0.546714  {1,0,0}     31    1
75    709    12    13  0.247839  {0,1,1}     34    1
52    711   234   235  0.842554  {0,2,0}     35    1
65    726   130   137  0.233794  {0,1,0}     26    0
50    730   210   211  0.967311  {0,2,0}     29    1
12    755    10    11  0.441463  {1,1,0}     23    1
103   757    18    20  0.237027  {0,1,0}     21    1
45    759    57    61  0.665903  {1,1,0}     27    1
6     760    72    73  0.878175  {0,1,0}     30    0
110   785   201   203  0.265317  {0,2,0}     23    0
68    791    84    85  0.501182  {0,2,0}     20    1
1     800     8    33  0.630398  {0,0,1}     31    1
108   819   167   168  0.229335  {0,1,0}     34    1
0     832   201   202  0.614882  {0,0,1}     29    0
29    835   155   156  0.010906  {0,2,0}     24    1
98    838    11    42  0.983025  {0,2,0}     35    0
48    846     8     9  0.980305  {1,0,0}     37    1
106   847   113   114  0.046947  {0,3,0}     27    1
85    867    19    20  0.050356  {0,1,0}     26    0
19    869   156   162  0.735187  {1,3,0}     37    1
121   872    53    55  0.860844  {1,1,0}     25    1
88    881    58    59  0.602868  {0,1,0}     32    1
26    886   113   114  0.971396  {0,3,0}     29    1
25    886    45    64  0.775777  {1,3,0}     32    1
86    913   219   220  0.267511  {0,1,1}     31    1
64    913    91    92  0.831263  {1,1,0}     37    1
91    928   151   152  0.602874  {0,1,0}     34    1
126   952   205   207  0.204096  {1,1,0}     30    1
58    964    69    70  0.159467  {0,3,0}     37    1
47    965   220   221  0.466177  {0,1,0}     20    0
82    968   133   134  0.581128  {0,1,0}     28    0
101   977    65    66  0.251497  {0,1,0}     35    0
123   985   150   151  0.637905  {0,1,0}     24    1
2     989   240   242  0.441218  {1,0,0}     27    1
34    989   133   135  0.304520  {0,0,1}     23    0
113  1004   135   147  0.014452  {1,0,0}     40    1
73   1010   179   184  0.978349  {0,1,1}     38    1
67   1018   213   214  0.902534  {0,1,1}     26    1
17   1025    95    96  0.171024  {1,1,0}     22    1
112  1029   117   118  0.471919  {1,3,0}     27    1
81   1035   219   223  0.679888  {0,1,0}     40    0
61   1040    70    71  0.289847  {0,3,0}     39    0
95   1042    46    47  0.724547  {0,2,0}     40    1
57   1042   108   109  0.140246  {0,2,0}     24    1
55   1048    50    52  0.707172  {0,1,0}     25    1
42   1058   181   182  0.447254  {0,2,0}     36    0
89   1062   219   223  0.193436  {1,1,0}     22    1
46   1085    92    93  0.406471  {1,1,0}     28    1
125  1090   190   191  0.488796  {0,3,0}     38    0
28   1091   122   124  0.380768  {0,1,0}     31    1
79   1093   171   172  0.121681  {0,2,0}     21    1
7    1096   120   170  0.736771  {0,3,0}     32    1
11   1102   170   174  0.319259  {1,1,0}     38    1
36   1121     7     8  0.638977  {1,1,0}     40    1
83   1130   208   209  0.541673  {1,0,0}     39    1
51   1156   239   240  0.524904  {0,1,0}     27    1
40   1156    83    84  0.354947  {0,0,1}     34    1
5    1177    36    37  0.099028  {0,2,0}     31    0
53   1180   151   153  0.009937  {1,1,0}     27    1
23   1187   154   158  0.160459  {0,2,0}     21    1
35   1189    34    41  0.468366  {0,1,0}     20    1
78   1197     8    33  0.136951  {0,1,0}     38    0
32   1200   136   146  0.469665  {1,1,0}     36    1
87   1208   101   102  0.669692  {0,1,0}     35    1
8    1212     6     7  0.255129  {0,2,0}     30    1
117  1219    12    13  0.257402  {0,3,0}     21    1
41   1221   195   248  0.012835  {0,1,0}     29    1
24   1223   164   169  0.177957  {0,1,0}     30    1
93   1240     6    27  0.787946  {1,0,0}     29    1
114  1248   103   104  0.699808  {0,1,0}     26    0
13   1255   196   198  0.624808  {0,1,0}     29    1
127  1268    20    21  0.939887  {1,1,0}     26    1
22   1276   236   238  0.119855  {0,2,0}     21    0
124  1325   205   208  0.206387  {0,2,0}     27    1
43   1344    47    64  0.518000  {0,2,0}     22    1
120  1351   202   203  0.235396  {0,2,0}     31    0
111  1407   225   226  0.974343  {0,1,0}     37    0
44   1414    43    46  0.966101  {0,1,0}     38    1
