map EGL-G2-C
fac 5 10 {0,101,238,11,190}
hosp 1 {0}
n_ALS 10 1 {2:0,1:101,2:238,3:11,2:190}
n_BLS 23 1 {4:0,5:101,7:238,4:11,3:190}
n_CLS 7 0 {1:0,4:101,1:238,1:190}
      c_m  head  tail      c_af      c_d  c_tau  c_h
111    13   126   127  0.434024  {1,1,0}     27    1
34     23   147   148  0.681140  {0,1,0}     29    0
41     29   223   224  0.475237  {1,0,0}     31    1
98     53   105   106  0.668259  {0,2,0}     30    0
7      89    35    36  0.591584  {0,2,0}     38    0
61    113   155   156  0.990704  {0,1,0}     40    1
13    158    12    13  0.800307  {0,0,1}     30    1
22    171   202   209  0.263306  {0,0,1}     29    1
95    183   167   168  0.189680  {0,2,0}     28    0
80    184   166   175  0.850610  {0,3,0}     28    1
20    213    30    33  0.961146  {0,0,1}     32    0
17    243   196   197  0.435607  {0,2,0}     40    0
62    261   250   251  0.852243  {0,2,0}     22    0
68    274    29    30  0.827613  {1,0,0}     32    1
65    278   151   152  0.032771  {0,1,1}     34    1
77    293   204   206  0.434539  {1,1,0}     34    1
73    300   186   198  0.019774  {0,0,1}     20    0
89    320   161   165  0.110087  {0,1,0}     27    0
53    360     4    22  0.644370  {1,1,0}     22    1
42    362   135   136  0.347005  {1,1,0}     26    1
104   368     1    12  0.144515  {0,2,0}     39    1
11    380    71    72  0.579073  {0,2,0}     32    1
96    397   216   218  0.822260  {1,0,0}     24    1
32    455    24    25  0.320545  {0,2,0}     25    1
35    496    23   237  0.826398  {0,2,0}     20    1
1     514     7    30  0.883450  {0,1,0}     20    0
70    515    18    20  0.394442  {0,3,0}     37    0
14    531   221   222  0.884764  {0,1,0}     25    1
108   543    24    25  0.566349  {0,1,0}     31    1
81    555   212   213  0.617792  {0,3,0}     24    0
121   566   186   198  0.867249  {1,1,0}     31    1
106   574    78    79  0.661648  {0,2,0}     21    0
90    583    74    76  0.737088  {0,1,0}     30    0
91    590   175   176  0.790291  {1,1,0}     39    1
69    608   218   225  0.368044  {0,1,0}     21    1
5     608   240   241  0.937822  {0,1,0}     33    0
43    624   120   170  0.145739  {0,1,0}     30    1
113   628   133   134  0.577866  {0,2,0}     21    1
29    630   104   105  0.380378  {1,0,0}     39    1
6     630     8     9  0.793973  {1,1,0}     20    1
92    635    43    46  0.749378  {1,0,0}     36    1
105   641    78    79  0.551120  {0,3,0}     24    0
123   660     0     1  0.149239  {1,1,0}     26    0
54    669    95    96  0.547117  {0,1,0}     37    1
88    671   244   253  0.001758  {0,1,0}     22    1
112   679    74    75  0.639813  {1,0,0}     30    1
126   687   212   213  0.191050  {0,3,0}     29    0
84    689   204   205  0.305569  {1,0,0}     24    1
99    695    27    30  0.565900  {0,2,0}     27    1
2     713    43    46  0.990134  {1,1,0}     21    1
71    716   194   242  0.246958  {0,1,0}     34    0
19    719   166   175  0.069613  {0,1,0}     28    0
83    733   116   123  0.686411  {1,0,0}     24    1
120   734    84    86  0.766357  {0,1,0}     34    0
107   735   193   246  0.539859  {1,1,0}     20    0
75    735    49    56  0.249529  {0,1,0}     23    0
82    744   233   235  0.204811  {0,3,0}     24    1
97    745    90    91  0.672883  {0,3,0}     37    0
79    750    24    26  0.454854  {0,2,0}     23    0
101   767    86    87  0.869865  {0,1,0}     34    1
93    777    80    81  0.276985  {0,1,0}     35    0
78    784   205   208  0.205613  {1,1,0}     25    1
48    793   153   154  0.447114  {1,0,0}     27    1
46    794    78    82  0.843084  {0,0,1}     26    0
23    806   159   160  0.807883  {0,2,0}     36    0
64    810   161   164  0.509391  {0,2,0}     30    0
0     820    79    80  0.673300  {0,3,0}     20    0
4     828   143   145  0.483433  {0,1,0}     23    1
18    835   129   138  0.239751  {1,1,0}     29    1
86    840     2     3  0.182257  {0,3,0}     39    1
127   842   166   167  0.860553  {0,1,0}     20    1
28    846   186   188  0.226246  {0,2,0}     27    0
109   860   174   189  0.443276  {0,2,0}     33    1
51    875   122   124  0.085647  {1,1,0}     24    1
30    896   227   229  0.475880  {0,2,0}     20    0
33    904    41    51  0.742406  {1,0,0}     37    0
52    923    45    64  0.388094  {0,1,0}     39    0
27    933    76    77  0.030519  {0,2,0}     25    0
117   939   195   248  0.350535  {1,1,0}     39    1
67    946   180   181  0.909342  {1,0,0}     39    1
49    959   116   117  0.539780  {1,0,0}     36    1
63    961   164   169  0.159140  {1,0,0}     28    1
122   968   166   178  0.946006  {0,3,0}     24    0
16    969   202   203  0.285828  {0,3,0}     21    1
3     977    83    84  0.645005  {0,2,0}     27    0
55    996    66    67  0.409314  {0,1,0}     39    1
72   1000    87    88  0.473385  {1,0,0}     20    1
100  1000   148   149  0.555148  {1,1,0}     30    1
114  1003   132   133  0.621224  {0,3,0}     23    1
38   1003    78    82  0.798816  {0,0,1}     34    0
26   1005   107   108  0.975706  {0,0,1}     27    1
102  1007   219   223  0.719827  {0,2,0}     30    1
31   1009   159   160  0.069396  {0,1,0}     25    0
116  1024   247   248  0.326014  {0,1,0}     23    0
87   1042   228   230  0.898985  {1,1,0}     21    1
118  1055   243   245  0.492620  {1,1,0}     40    1
56   1060     5     6  0.958919  {0,2,0}     34    0
37   1060   249   250  0.367487  {0,2,0}     23    1
21   1073   155   156  0.787152  {0,3,0}     20    0
44   1077    45    64  0.679744  {1,1,0}     21    1
39   1085   244   253  0.554155  {0,3,0}     25    1
24   1108   166   175  0.940707  {1,0,0}     32    1
45   1132    71    73  0.220219  {0,3,0}     29    0
85   1138   210   211  0.690531  {1,1,0}     39    1
12   1139    47    64  0.555739  {0,1,0}     24    0
9    1140   151   153  0.520173  {0,2,0}     33    0
57   1142   126   127  0.979315  {0,1,0}     30    1
59   1176   252   253  0.041890  {0,1,0}     34    1
60   1182     8     9  0.328211  {0,2,0}     25    1
66   1190   151   152  0.139924  {1,0,0}     29    1
47   1202   101   112  0.235007  {0,1,0}     23    1
74   1205    92    93  0.211939  {0,2,0}     22    1
40   1212    48    49  0.531729  {0,3,0}     39    0
124  1216    74    76  0.940181  {0,3,0}     38    1
50   1220    21    35  0.800305  {1,0,0}     32    1
110  1238   106   118  0.247089  {0,1,0}     20    1
15   1238    70    79  0.597844  {0,2,0}     30    0
76   1239   138   139  0.661562  {0,1,0}     32    1
115  1246   179   180  0.100414  {0,2,0}     27    1
125  1259   190   191  0.756519  {0,2,0}     40    0
103  1285    76    78  0.981177  {1,0,0}     22    1
36   1289   167   168  0.390771  {0,1,1}     27    0
10   1291   146   147  0.956809  {0,1,0}     39    1
8    1331   106   118  0.284085  {0,2,0}     38    1
58   1334   120   162  0.264886  {0,1,1}     21    1
119  1361    74    76  0.928805  {1,1,0}     38    1
25   1362   135   136  0.236321  {0,2,0}     32    1
94   1370   176   177  0.729717  {0,2,0}     25    0
