map EGL-G2-D
fac 5 10 {0,5,253,142,12}
hosp 2 {0,245}
n_ALS 6 1 {1:253,5:12}
n_BLS 23 1 {5:0,3:5,7:253,3:142,5:12}
n_CLS 9 0 {2:0,3:5,2:253,2:142}
      c_m  head  tail      c_af      c_d  c_tau  c_h
50     11    69    70  0.765347  {1,1,0}     36    1
71     13   125   152  0.779725  {0,1,1}     40    0
113    16    21    35  0.857085  {0,0,1}     33    1
114    33     3     4  0.872629  {0,3,0}     22    0
101    46   240   241  0.377144  {0,1,0}     33    0
120    65   245   247  0.690840  {1,0,0}     25    1
48     75   151   152  0.895610  {1,0,0}     28    1
121    89    10    41  0.573381  {1,1,0}     33    1
95    105    47    64  0.813368  {0,2,0}     35    0
29    107   178   179  0.105253  {1,0,0}     20    1
67    139    93    94  0.472576  {1,1,0}     32    1
100   171    31    38  0.763072  {0,0,1}     29    0
21    203    45    64  0.797421  {0,1,0}     21    1
51    253     3     4  0.871429  {1,1,0}     36    1
24    270   157   163  0.270766  {0,1,0}     40    1
123   274    23   150  0.036548  {0,1,0}     27    1
43    287   176   177  0.959943  {1,1,0}     29    1
73    330    56    57  0.266934  {0,3,0}     30    1
125   410     5     6  0.985203  {1,0,0}     35    1
39    420   226   227  0.599730  {1,1,0}     37    1
10    422   208   209  0.172980  {1,3,0}     33    1
60    441   151   152  0.277209  {0,2,0}     22    0
86    478   247   248  0.692099  {1,1,0}     38    1
44    485   147   148  0.368570  {0,3,0}     40    1
102   500   227   233  0.799675  {0,2,0}     27    0
93    510    76    77  0.342062  {0,1,0}     24    1
115   511   105   107  0.549821  {0,2,0}     22    0
18    518   125   126  0.711649  {0,3,0}     32    1
82    519   205   207  0.788443  {0,1,0}     28    0
81    527   102   103  0.736711  {1,1,0}     33    1
78    540    78    79  0.160529  {1,1,0}     24    1
99    540    21    35  0.627602  {0,1,0}     32    1
16    543    71    72  0.228733  {1,1,0}     25    1
83    555    74    76  0.608298  {0,1,0}     32    1
17    573   251   254  0.157763  {0,1,0}     37    0
9     578    16    18  0.880208  {0,2,0}     21    1
36    597    84    86  0.874244  {1,0,0}     29    1
90    610     1    12  0.898393  {0,1,0}     29    0
11    616    24    26  0.283007  {0,2,0}     37    1
26    617   102   103  0.869589  {0,1,0}     26    1
14    625    69    70  0.512623  {0,2,0}     27    1
103   632   190   191  0.511219  {1,1,0}     28    1
80    666    23   171  0.404768  {0,1,0}     31    1
56    674    98   127  0.503316  {0,2,0}     35    0
92    686   159   161  0.326749  {0,2,0}     36    0
88    696   128   129  0.235881  {0,1,0}     37    1
46    699   120   170  0.017888  {1,1,0}     26    1
6     709    73    74  0.614877  {1,0,0}     20    1
118   714   202   203  0.397670  {1,1,0}     40    1
61    726   152   153  0.824793  {0,3,0}     22    0
45    737   166   175  0.002913  {1,1,0}     26    1
55    740   143   144  0.616569  {0,1,0}     26    0
124   770   245   246  0.815663  {1,0,0}     33    1
35    777   234   235  0.803119  {0,2,0}     31    0
110   781    98   127  0.554269  {0,2,0}     31    0
0     784    51    52  0.181865  {0,1,1}     35    1
87    794   154   157  0.743334  {0,3,0}     36    0
25    819   122   124  0.246122  {0,1,0}     29    1
108   835   129   130  0.354184  {0,1,0}     32    0
42    838    80    81  0.404254  {1,0,0}     22    1
5     843    92    93  0.153863  {1,1,0}     32    1
76    843   113   115  0.249619  {0,1,0}     38    0
22    844   142   143  0.367977  {0,1,0}     24    0
32    848     0    21  0.780502  {1,1,0}     30    1
20    853    99   131  0.690649  {0,3,0}     25    1
2     855    58    59  0.795148  {1,3,0}     32    1
106   891    36    39  0.243266  {0,1,1}     23    0
15    897    76    78  0.968602  {0,1,0}     38    1
75    899    60    68  0.289512  {1,1,0}     35    1
68    904   117   119  0.445239  {0,2,0}     24    1
126   913   131   132  0.043999  {1,1,0}     31    1
89    914   213   214  0.703760  {1,1,0}     36    1
127   916     1     2  0.384913  {0,2,0}     39    1
54    916   186   188  0.845032  {0,3,0}     27    0
94    920   105   107  0.523270  {1,1,0}     37    1
84    930   112   113  0.867931  {0,1,0}     33    1
65    942    84    85  0.125488  {0,2,0}     35    0
117   949   222   223  0.450738  {0,2,0}     21    0
38    955    63    64  0.323158  {1,1,0}     25    1
58    956    23   150  0.668869  {1,0,0}     27    1
30    956   208   210  0.471881  {1,0,0}     31    1
7     958   184   188  0.768716  {1,0,0}     27    1
53    958    16    18  0.317500  {0,3,0}     30    0
112   963    57    61  0.460866  {1,1,0}     24    1
28    980    11    42  0.934369  {1,1,0}     39    1
63    982     3     4  0.100060  {0,2,0}     31    0
23    982   228   230  0.860586  {0,3,0}     24    0
104  1001   135   147  0.979680  {0,2,0}     23    0
47   1001   174   182  0.524161  {1,0,0}     35    1
19   1016    20    21  0.141638  {0,1,0}     20    1
96   1033   190   192  0.729816  {1,1,0}     22    1
64   1043   215   221  0.336165  {0,3,0}     24    0
77   1044   216   218  0.938567  {0,0,1}     35    0
8    1049    21    35  0.860167  {0,0,1}     26    1
105  1082    87    88  0.962577  {0,1,0}     34    1
111  1082   195   248  0.108600  {0,2,0}     37    0
69   1093   122   124  0.778629  {0,1,0}     21    0
62   1103    61    65  0.574862  {0,1,0}     40    1
85   1105    42    43  0.839460  {0,1,0}     35    0
1    1121    99   100  0.735159  {0,2,0}     34    1
59   1153   126   150  0.145066  {0,1,1}     22    0
13   1159    43    46  0.587133  {1,0,0}     22    1
91   1215   245   247  0.122102  {0,1,0}     33    1
72   1224   242   243  0.434093  {1,1,0}     20    1
98   1225   153   154  0.513714  {1,0,0}     33    1
4    1232    24    25  0.600969  {0,2,0}     34    1
34   1238    43    46  0.648237  {0,2,0}     34    0
70   1246   179   183  0.830218  {0,1,0}     35    0
41   1258    62    63  0.387897  {1,1,0}     23    1
116  1262   107   109  0.161240  {0,1,0}     39    0
27   1276   228   229  0.007250  {0,1,0}     40    0
107  1281    20    21  0.969466  {0,1,0}     26    1
97   1284    17    22  0.619276  {0,1,1}     23    1
79   1284     6    27  0.015859  {1,0,0}     34    1
109  1298    80    81  0.892687  {0,0,1}     31    1
49   1301    70    79  0.783558  {0,1,0}     26    1
122  1319   130   131  0.412477  {0,2,0}     26    1
37   1321    87    88  0.890064  {1,0,0}     32    1
52   1330   220   221  0.454243  {0,1,0}     40    1
57   1334   251   252  0.758690  {0,3,0}     37    1
33   1367   178   179  0.918823  {0,2,0}     26    0
12   1371   120   170  0.500352  {0,3,0}     39    1
40   1374    10    41  0.574172  {0,1,0}     30    1
31   1388   140   141  0.195448  {1,0,0}     32    1
3    1405    37    75  0.639595  {1,1,0}     22    1
74   1414   175   177  0.438025  {1,0,0}     35    1
66   1429    59    72  0.379051  {1,0,0}     30    1
119  1430     8    33  0.589856  {0,2,0}     35    0
