map EGL-G1-D
fac 5 10 {0,176,150,119,137}
hosp 2 {0,39}
n_ALS 8 1 {2:0,1:176,2:150,1:119,2:137}
n_BLS 15 1 {4:176,5:150,3:119,3:137}
n_CLS 5 0 {2:0,1:176,1:150,1:119}
      c_m  head  tail      c_af      c_d  c_tau  c_h
58     12   213   216  0.056525  {1,0,0}     35    1
78     13   238   240  0.812246  {1,0,0}     29    1
101    21    18    20  0.437873  {0,1,0}     28    1
94     53   106   107  0.720070  {0,1,1}     25    0
102    55    43    45  0.072500  {0,2,0}     32    0
45     56   219   221  0.211569  {0,3,0}     29    1
125    78   178   182  0.679760  {1,2,0}     38    1
83    115   146   147  0.910523  {0,2,0}     22    1
0     115    77    81  0.442322  {1,2,0}     34    1
82    117    16    18  0.733698  {1,0,0}     26    1
18    173    91    92  0.594232  {0,1,0}     27    0
111   176    10    41  0.109289  {0,3,0}     37    1
81    177    65    92  0.237965  {0,1,0}     25    1
67    191   176   179  0.953344  {1,1,0}     24    1
22    238    13    14  0.833020  {0,2,0}     38    0
54    266     9    10  0.677408  {1,0,0}     26    1
29    286    72    73  0.797575  {0,2,0}     30    0
118   303   118   119  0.169437  {0,2,0}     30    0
12    343   123   124  0.623357  {0,2,0}     29    0
11    353   132   134  0.732719  {0,2,0}     40    1
14    407   136   137  0.560295  {0,1,1}     33    1
117   423   142   144  0.578100  {1,1,0}     27    1
100   447   102   103  0.638503  {0,1,0}     33    1
80    464    80    81  0.061616  {0,1,0}     40    1
9     464   210   211  0.595923  {0,3,0}     22    1
17    464   169   170  0.388625  {1,0,0}     30    1
90    492   128   129  0.434858  {0,1,0}     36    0
105   495    85    86  0.713254  {1,1,0}     34    1
99    500   231   232  0.216665  {0,0,1}     22    0
30    515    45    46  0.211731  {0,2,0}     32    1
97    516   245   246  0.374145  {0,2,0}     26    1
49    517   240   241  0.072346  {1,0,0}     27    1
115   519   144   145  0.638716  {0,1,0}     38    0
13    543    68    69  0.882284  {0,3,0}     39    0
7     561     2    14  0.929949  {0,1,0}     31    0
84    561     1    12  0.690355  {0,2,0}     35    0
27    604   105   107  0.154520  {1,0,0}     26    1
56    611   116   120  0.422769  {0,2,0}     24    1
74    622    70    71  0.936022  {0,1,1}     39    0
61    633   193   194  0.757524  {0,1,0}     25    1
88    667    10    41  0.081761  {0,2,0}     23    1
47    686   134   146  0.647627  {0,1,1}     36    1
24    696   226   227  0.649158  {1,1,0}     30    1
35    699    56    57  0.946361  {0,3,0}     22    1
2     700    46    47  0.413329  {0,2,0}     37    1
10    711   223   224  0.710107  {1,0,0}     28    0
53    719     8    33  0.828539  {1,1,0}     38    1
119   721   151   154  0.028497  {1,1,0}     28    1
69    726   162   167  0.539741  {0,0,1}     21    1
122   753    69    78  0.760273  {0,1,0}     38    1
114   756   162   167  0.802967  {0,2,0}     21    1
75    762   155   161  0.217596  {0,2,0}     36    0
37    766   225   226  0.789497  {0,1,0}     27    1
36    791   117   118  0.768211  {0,1,0}     32    1
55    804    12    13  0.923099  {1,0,0}     35    1
120   804    72    73  0.136289  {0,1,0}     30    1
8     807   219   221  0.480725  {0,2,0}     28    1
112   815    53    54  0.691143  {0,1,0}     25    0
20    819   127   128  0.728547  {0,3,0}     38    1
113   819    68    79  0.403931  {0,2,0}     26    1
92    829   101   110  0.030594  {0,1,0}     24    1
6     836   117   118  0.322101  {0,0,1}     34    1
1     836    91    92  0.364834  {1,0,0}     30    1
110   842    86    87  0.072370  {0,1,0}     38    0
39    856    50    51  0.606294  {1,1,0}     31    1
65    858    56    57  0.688159  {1,1,0}     36    1
25    872    47    48  0.814307  {1,0,0}     22    1
31    888   129   130  0.228678  {0,1,0}     28    1
71    888   213   216  0.206338  {1,1,0}     33    1
38    890    19    20  0.048274  {1,0,0}     39    1
59    900   216   217  0.369673  {1,0,0}     33    1
95    904     7     8  0.614226  {0,3,0}     28    1
46    907    77    78  0.036909  {0,3,0}     28    1
87    912   231   236  0.997619  {0,1,1}     22    1
127   932    94    98  0.764478  {0,1,0}     31    1
98    944   121   122  0.008420  {0,2,0}     27    0
62    949   219   220  0.622772  {1,1,0}     29    1
124   958    37    74  0.873392  {1,0,0}     35    1
15    985    31    32  0.820495  {0,2,0}     28    0
85    994   129   130  0.994770  {1,1,0}     32    1
40   1002    82    83  0.446932  {0,1,0}     30    1
66   1006   115   122  0.169155  {0,0,1}     31    1
16   1022   132   133  0.554722  {0,3,0}     39    1
116  1030   185   186  0.854655  {1,1,0}     33    1
19   1032   178   179  0.236068  {1,1,0}     21    1
76   1033     3    15  0.682432  {0,2,0}     34    0
28   1039    48    57  0.899828  {0,1,1}     32    0
26   1042   231   236  0.589674  {0,2,0}     25    0
3    1046   100   101  0.732766  {0,1,0}     27    1
68   1046    66    67  0.591353  {1,1,0}     24    1
73   1047    89    90  0.858703  {0,3,0}     29    1
86   1050   196   197  0.201809  {0,2,0}     23    0
126  1055    13    14  0.330630  {0,1,0}     25    0
41   1083    48    49  0.128919  {0,1,1}     22    1
96   1090   103   104  0.573081  {0,2,0}     28    0
60   1092    72    73  0.793785  {0,1,0}     30    0
63   1094   112   114  0.165500  {0,2,0}     24    1
121  1100    26    28  0.028150  {1,0,0}     21    1
89   1107    95    97  0.697312  {1,1,0}     39    1
93   1115   125   149  0.705184  {1,0,0}     31    0
42   1121    94    95  0.853079  {0,2,0}     40    1
57   1139   150   151  0.824974  {0,2,0}     35    1
52   1141   177   184  0.000818  {0,2,0}     29    0
4    1146   115   116  0.383279  {1,0,0}     25    1
44   1166    50    51  0.275625  {0,1,0}     25    1
104  1169   149   150  0.506542  {0,1,1}     39    1
21   1178    31    32  0.634389  {0,2,0}     40    0
5    1179    16    17  0.324883  {0,3,0}     36    1
50   1181    39    40  0.980746  {0,1,0}     32    1
33   1200    81    84  0.652392  {0,1,0}     24    0
109  1203   170   171  0.530908  {0,2,0}     36    1
70   1220   152   153  0.274330  {0,2,0}     40    1
64   1232    63    64  0.341905  {0,2,0}     22    0
51   1232   177   178  0.530327  {0,3,0}     30    1
107  1238   189   190  0.426665  {1,0,0}     34    1
34   1242    58    59  0.651078  {0,2,0}     37    1
48   1242   179   180  0.420229  {0,3,0}     27    0
106  1250   175   176  0.694008  {0,1,0}     25    1
43   1253    38    40  0.408202  {0,0,1}     28    0
91   1261   176   179  0.145279  {0,1,0}     31    1
23   1261   219   220  0.060096  {1,1,0}     32    1
77   1262   174   176  0.209289  {0,0,1}     32    1
79   1305    31    38  0.091188  {1,1,0}     37    1
108  1306    39    52  0.853018  {0,3,0}     33    0
32   1319   228   230  0.169244  {1,1,0}     25    1
72   1370   229   230  0.352531  {0,3,0}     21    0
123  1388   179   180  0.382476  {0,2,0}     22    1
103  1389   150   151  0.293549  {1,0,0}     33    1
