map EGL-G2-D
fac 5 10 {0,79,30,180,160}
hosp 2 {0,200}
n_ALS 10 1 {1:0,3:79,3:30,2:180,1:160}
n_BLS 17 1 {4:0,2:79,2:30,7:180,2:160}
n_CLS 6 0 {2:0,1:79,1:30,1:180,1:160}
      c_m  head  tail      c_af      c_d  c_tau  c_h
89     27    14    15  0.889427  {0,3,0}     32    1
47     40   253   254  0.654210  {0,2,0}     27    0
19     42    76    77  0.153587  {0,1,0}     30    0
124    48   234   239  0.748889  {0,2,0}     34    1
114    54   216   217  0.343416  {1,0,0}     40    1
107    62    20    21  0.763815  {0,3,0}     35    0
122    94   113   115  0.301368  {0,1,0}     25    0
58    113   219   220  0.421633  {0,1,0}     22    0
15    153   186   188  0.147580  {1,0,0}     27    1
30    158   251   254  0.023394  {0,1,1}     29    1
63    158   132   133  0.716066  {0,2,0}     33    1
57    225    49    50  0.905827  {0,3,0}     21    1
18    249   151   153  0.106701  {0,1,0}     33    1
49    346   171   172  0.799273  {0,2,0}     31    1
31    350   158   160  0.236631  {0,2,0}     27    1
39    357   156   157  0.370451  {1,1,0}     35    1
11    359   105   107  0.053537  {0,3,0}     39    1
123   410   179   184  0.689267  {1,3,0}     33    1
29    422    49    56  0.621008  {1,0,0}     27    1
103   424    51    52  0.976835  {0,0,1}     26    1
65    465    84    85  0.035479  {0,0,1}     25    0
72    478   161   164  0.039072  {0,1,0}     38    1
62    489   131   132  0.616069  {1,0,0}     25    1
23    504    14    15  0.464195  {0,2,0}     23    1
41    530   102   103  0.799195  {1,1,0}     22    1
96    530     1     2  0.329319  {0,2,0}     40    1
16    566   143   145  0.891998  {0,1,0}     36    1
117   583   233   234  0.781877  {0,1,0}     33    0
73    598   178   185  0.343770  {1,1,0}     39    1
8     599   239   243  0.483524  {1,3,0}     38    1
110   607    49    50  0.599033  {0,3,0}     20    0
52    608    32    34  0.760001  {0,2,0}     24    1
5     608   104   105  0.847895  {0,3,0}     35    1
126   614   147   148  0.715134  {0,1,0}     24    1
34    632     7     8  0.759957  {0,2,0}     28    0
74    642   126   127  0.868500  {1,1,0}     33    1
111   644   188   189  0.594756  {0,1,0}     26    0
84    662   143   145  0.190048  {0,1,0}     35    1
12    663    23    87  0.114952  {0,2,0}     23    0
14    669   202   203  0.338347  {0,2,0}     24    0
109   669   105   107  0.021036  {1,0,0}     23    1
61    682    36    38  0.973380  {0,2,0}     20    0
120   685   145   148  0.912896  {1,1,0}     36    1
68    701   201   203  0.235333  {1,0,0}     29    1
98    708   204   205  0.065546  {0,0,1}     21    1
92    710     0     1  0.679171  {1,1,0}     39    1
85    712   126   150  0.696493  {1,1,0}     27    1
46    729    92    93  0.115853  {1,1,0}     30    1
105   731   171   172  0.842500  {0,2,0}     26    1
44    735    43    45  0.165392  {1,1,0}     36    0
108   751     3     4  0.873803  {0,3,0}     23    1
13    751   245   246  0.495130  {0,2,0}     33    0
102   765   216   217  0.391007  {0,1,0}     28    1
21    785   141   142  0.134578  {0,2,0}     22    1
33    799    76    78  0.209683  {0,2,0}     40    0
93    804    26    28  0.680752  {1,0,0}     34    1
67    821    81    82  0.307280  {0,1,0}     38    1
54    823     3    23  0.473032  {1,3,0}     31    1
113   829   129   130  0.167174  {0,0,1}     26    1
127   831   245   246  0.571059  {1,0,0}     20    1
88    837   122   124  0.575966  {0,2,0}     23    0
90    845   210   215  0.240336  {0,2,0}     33    0
17    849    54    58  0.538875  {0,2,0}     32    0
0     869    41    51  0.334015  {1,0,0}     32    1
4     874   109   110  0.030915  {0,2,0}     35    0
91    878    72    73  0.040265  {1,0,0}     29    1
75    887   200   201  0.885402  {0,3,0}     38    0
42    903    48    57  0.440949  {0,3,0}     28    0
35    906   170   171  0.365698  {1,1,0}     36    1
87    918   113   114  0.010261  {1,0,0}     26    1
70    923   201   202  0.060918  {0,2,0}     26    0
50    939    78    79  0.473345  {0,3,0}     31    0
121   942    32    34  0.616090  {0,1,0}     23    0
60    944   201   203  0.329272  {0,1,1}     35    1
101   946    50    53  0.532703  {0,2,0}     33    0
99    947    81    89  0.534684  {1,0,0}     27    1
7     954    67    68  0.786877  {1,0,0}     23    1
83    963    76    77  0.741020  {0,1,0}     32    1
64    967   157   161  0.967207  {0,1,1}     26    1
95    996    29    31  0.726026  {0,2,0}     21    1
43   1002    61    65  0.609336  {0,0,1}     33    1
32   1016   199   200  0.302553  {1,0,0}     38    1
59   1016    56    57  0.069677  {0,2,0}     24    0
100  1017   190   192  0.857359  {0,1,0}     25    0
79   1019   165   166  0.396929  {0,3,0}     40    1
69   1033   117   118  0.437369  {1,0,0}     24    1
82   1039    63    65  0.122164  {1,1,0}     20    1
24   1047   106   108  0.758643  {0,3,0}     32    1
9    1048    90    91  0.692844  {0,1,0}     29    0
86   1057     9    34  0.103491  {0,1,0}     39    1
26   1063   164   169  0.548526  {0,3,0}     29    0
48   1068     7    30  0.379270  {0,2,0}     27    0
125  1077   226   251  0.742329  {0,2,0}     27    1
119  1083   165   166  0.699971  {0,2,0}     25    1
116  1091   125   126  0.940415  {0,2,0}     38    1
28   1091    37    75  0.279367  {0,1,0}     39    0
81   1092   129   130  0.519278  {1,0,0}     33    1
71   1095   118   119  0.440175  {0,2,0}     28    1
115  1107    82    83  0.070146  {1,1,0}     38    1
104  1130    86    87  0.530063  {0,3,0}     37    0
77   1145    13    14  0.010133  {0,3,0}     20    1
97   1163   234   239  0.666818  {0,1,0}     23    1
51   1163   246   247  0.426245  {0,2,0}     29    0
78   1169    67    69  0.660179  {0,1,0}     33    1
76   1181   195   248  0.013647  {1,2,0}     22    1
37   1185   119   120  0.259631  {0,3,0}     32    0
112  1199   231   232  0.138216  {0,2,0}     24    0
10   1200   246   247  0.294445  {0,3,0}     38    1
36   1200    97    98  0.803724  {0,2,0}     22    1
40   1207    26    28  0.741232  {1,1,0}     34    1
53   1236   120   170  0.253878  {0,3,0}     22    0
38   1239     8     9  0.061073  {0,3,0}     27    0
80   1251    57    61  0.428848  {0,0,1}     33    0
20   1257   123   124  0.308395  {0,1,0}     22    1
118  1261   152   155  0.260875  {0,1,0}     38    1
56   1293    72    73  0.863230  {1,3,0}     22    1
25   1298    74    76  0.138427  {0,1,0}     25    1
106  1327   130   131  0.289946  {1,1,0}     36    1
27   1340    21    35  0.342644  {0,1,0}     24    0
66   1343   253   254  0.892980  {0,3,0}     20    0
22   1346   235   236  0.363959  {1,0,0}     40    1
3    1349   156   162  0.743807  {0,0,1}     25    1
55   1358   175   177  0.918906  {1,3,0}     36    1
6    1360    28    29  0.345880  {0,1,0}     35    1
94   1373    54    55  0.419804  {0,2,0}     21    0
2    1401     0     1  0.852423  {0,0,1}     22    1
45   1409    79    80  0.672629  {0,1,0}     29    1
1    1421   136   137  0.691281  {0,3,0}     38    1
