map EGL-G2-E
fac 5 10 {0,74,85,16,169}
hosp 2 {0,165}
n_ALS 8 1 {1:0,3:74,2:16,2:169}
n_BLS 16 1 {3:0,2:74,3:85,3:16,5:169}
n_CLS 5 0 {1:0,2:74,1:85,1:169}
      c_m  head  tail      c_af      c_d  c_tau  c_h
11     21    51    52  0.868167  {0,2,0}     21    1
18     25   240   242  0.927342  {0,2,0}     30    1
19     41    93    94  0.926367  {0,2,0}     32    0
4      54   113   115  0.125695  {0,3,0}     34    0
0      75    12    16  0.514855  {0,1,0}     37    1
31     83   104   114  0.493176  {0,2,0}     36    0
95    335   158   159  0.947783  {0,2,0}     33    1
72    373   121   155  0.010599  {0,2,0}     38    1
15    377   236   238  0.622066  {0,0,1}     33    1
54    397   249   250  0.172562  {0,2,0}     21    1
43    422   216   217  0.346514  {1,1,0}     28    1
107   434   111   114  0.435879  {1,1,0}     39    1
66    445   178   179  0.368185  {0,1,0}     20    0
60    448    32    34  0.586991  {0,0,1}     20    0
126   450   172   173  0.301939  {1,0,0}     39    1
62    457    76    77  0.906128  {0,2,0}     39    0
6     470    15    17  0.672297  {1,2,0}     39    1
69    475    43    46  0.687943  {0,1,0}     20    0
84    476    60    68  0.195294  {1,3,0}     33    1
3     481    29    31  0.729441  {0,3,0}     25    0
39    488   181   182  0.574499  {0,1,0}     37    0
9     489    97    98  0.662448  {1,0,0}     28    1
121   506    90    91  0.018004  {0,3,0}     32    1
74    507   177   181  0.498720  {1,1,0}     28    1
125   511   174   182  0.925294  {1,1,0}     28    1
110   519     7     8  0.676163  {1,0,0}     21    1
2     519   192   194  0.662226  {0,1,0}     24    1
28    521   117   119  0.350240  {1,1,0}     31    1
44    528    43    46  0.616147  {1,0,0}     36    1
42    540    92    93  0.645116  {0,3,0}     30    0
37    570   140   141  0.272082  {1,0,0}     39    1
77    579   158   160  0.837756  {0,1,0}     34    1
79    587   135   147  0.497628  {0,1,1}     21    0
67    588   153   154  0.513509  {0,1,0}     27    0
50    617    70    79  0.433251  {0,2,0}     38    1
119   626     5     6  0.052479  {1,1,0}     40    1
34    634    32    33  0.308864  {0,1,0}     21    0
83    662   228   230  0.898286  {0,2,0}     34    0
13    669   116   123  0.242686  {1,1,0}     35    1
21    683   186   198  0.933314  {1,1,0}     35    1
47    698    59    72  0.366365  {0,2,0}     20    0
108   704    66    67  0.324443  {0,2,0}     37    0
22    715   163   168  0.019987  {1,1,0}     26    1
124   718    91    96  0.415777  {1,0,0}     21    1
90    719    99   131  0.136538  {0,3,0}     35    1
23    722    19    20  0.647836  {0,2,0}     22    0
106   738   231   232  0.279219  {0,2,0}     39    1
40    745   219   220  0.651755  {0,1,0}     30    0
17    747    54    55  0.344949  {0,1,1}     32    0
58    753   186   198  0.974989  {0,1,0}     21    0
70    761   210   211  0.924495  {1,1,0}     35    1
64    782   129   130  0.718437  {0,1,1}     31    0
49    792   162   163  0.130763  {1,1,0}     35    1
53    814    12    13  0.506269  {0,2,0}     22    0
85    816   123   124  0.722699  {0,2,0}     31    0
81    830   216   218  0.311395  {1,0,0}     23    1
103   852   203   204  0.812350  {0,1,0}     35    1
63    862    25    26  0.857442  {0,3,0}     33    1
61    865   155   156  0.722309  {0,1,0}     21    1
5     869   234   239  0.268797  {1,0,0}     38    1
1     874   104   114  0.496056  {1,1,0}     36    1
94    882   222   223  0.904127  {0,1,0}     21    1
26    886   130   131  0.126764  {0,1,0}     40    0
71    892   155   156  0.519612  {1,1,0}     32    1
46    895   166   175  0.175826  {1,0,0}     40    1
12    898   128   129  0.416258  {0,1,1}     27    1
111   901    18    20  0.689506  {0,1,0}     35    1
51    910   168   176  0.201034  {1,0,0}     31    1
115   916    59    72  0.818842  {0,1,0}     32    1
36    920   158   160  0.518817  {0,3,0}     27    1
48    922   166   175  0.321993  {0,3,0}     24    0
89    929    48    57  0.068832  {0,2,0}     24    1
24    943   158   160  0.345571  {0,0,1}     20    1
41    947   163   168  0.337857  {0,1,0}     35    1
87    947     0     1  0.581994  {1,2,0}     38    1
98    947    78    79  0.485700  {0,1,0}     40    1
52    948    23   150  0.619365  {0,2,0}     34    1
100   966    62    63  0.859287  {1,1,0}     26    1
118   981   210   211  0.594662  {1,1,0}     36    1
93    997   145   146  0.077519  {0,2,0}     27    1
16   1014    86    87  0.821568  {0,3,0}     23    0
56   1015   249   250  0.643431  {1,1,0}     37    1
27   1017   242   243  0.953397  {0,2,0}     26    1
10   1018   163   168  0.563700  {0,2,0}     39    1
76   1027   109   110  0.259966  {0,1,0}     25    0
57   1029   227   229  0.077957  {1,0,0}     38    1
127  1035    21    35  0.170601  {0,1,0}     22    1
91   1039   107   108  0.469037  {0,0,1}     25    1
105  1059    38    40  0.945113  {0,1,0}     26    0
122  1063   102   103  0.457065  {1,1,0}     39    1
29   1065   184   185  0.407936  {0,2,0}     28    0
120  1079   186   198  0.020615  {0,2,0}     33    1
114  1093   240   241  0.486834  {1,0,0}     27    0
55   1096   181   182  0.509951  {1,0,0}     36    1
25   1099   240   241  0.923046  {0,1,0}     23    1
14   1111   236   237  0.681165  {0,2,0}     26    0
104  1124   174   182  0.709296  {0,0,1}     35    1
82   1130    10    41  0.040423  {0,3,0}     32    0
65   1137    70    71  0.506424  {0,3,0}     22    1
123  1146   201   202  0.738300  {0,1,0}     20    1
112  1148    23   237  0.748759  {0,2,0}     22    1
78   1155    50    51  0.529703  {0,3,0}     31    0
75   1160    58    59  0.463907  {0,2,0}     36    1
68   1172     7    30  0.775607  {0,3,0}     32    1
7    1186   215   221  0.985066  {0,1,0}     25    1
73   1186    71    72  0.133494  {0,1,0}     25    1
113  1188   107   109  0.352605  {0,2,0}     23    1
86   1199   166   175  0.760610  {0,3,0}     23    1
38   1201   242   243  0.687186  {1,0,0}     29    1
92   1203   239   240  0.476448  {0,2,0}     40    1
101  1209   161   164  0.027849  {1,0,0}     26    1
8    1222   202   209  0.023584  {1,1,0}     30    1
59   1224     2     3  0.950201  {0,1,1}     22    0
96   1228   197   200  0.628247  {0,1,1}     26    1
80   1231    59    72  0.867262  {0,1,0}     40    1
35   1244   202   209  0.832432  {0,1,0}     22    1
97   1249     3    15  0.547407  {0,3,0}     38    0
33   1262    16    18  0.559506  {1,0,0}     27    1
88   1292   166   167  0.052608  {1,1,0}     33    0
109  1297    65    66  0.204624  {0,0,1}     33    1
116  1301   135   147  0.643585  {1,2,0}     35    1
20   1302   242   243  0.428830  {0,2,0}     33    1
102  1307    30    33  0.582401  {0,0,1}     37    0
32   1355    38    40  0.543439  {0,2,0}     35    1
30   1361   203   204  0.504155  {0,2,0}     34    1
117  1405   120   162  0.208812  {0,3,0}     23    0
99   1434   233   235  0.949009  {0,2,0}     34    1
45   1437    70    79  0.821402  {1,1,0}     30    1
