map EGL-G1-E
fac 5 10 {0,192,159,63,34}
hosp 2 {0,177}
n_ALS 8 1 {1:192,1:159,2:63,4:34}
n_BLS 18 1 {2:0,4:192,5:159,1:63,6:34}
n_CLS 6 0 {2:0,1:192,2:159,1:63}
      c_m  head  tail      c_af      c_d  c_tau  c_h
10     29   204   209  0.303309  {0,2,0}     31    0
65     81   210   211  0.593739  {0,0,1}     33    0
19     92    94    98  0.532284  {0,2,0}     38    1
55    116    15    17  0.261719  {1,2,0}     40    1
98    173   240   242  0.466974  {0,3,0}     25    1
40    205     7     8  0.394826  {0,2,0}     32    1
83    247   190   191  0.185021  {1,1,0}     26    1
96    251   114   115  0.994193  {0,2,0}     27    0
70    280    65    92  0.271639  {1,0,0}     20    1
41    328   226   227  0.690729  {1,0,0}     37    1
23    332    25    26  0.580802  {0,3,0}     35    0
103   340   156   160  0.307714  {0,2,0}     36    0
89    364   186   187  0.923690  {0,2,0}     38    1
102   391   211   212  0.120114  {0,2,0}     28    0
111   424   142   143  0.711506  {0,2,0}     33    0
38    428   202   204  0.849907  {0,3,0}     38    1
7     436   161   162  0.349981  {1,0,0}     23    1
56    455   199   202  0.604090  {0,1,0}     21    1
54    466   196   197  0.470088  {0,2,0}     25    1
48    470    39    72  0.408721  {0,1,0}     30    1
121   484     5     6  0.520067  {0,2,0}     34    1
74    485     2    14  0.775129  {1,0,0}     22    1
94    486   244   248  0.904916  {1,3,0}     22    1
106   489    91    92  0.844313  {0,1,0}     35    1
113   491    58    59  0.274250  {1,0,0}     29    1
127   511   202   203  0.416837  {0,1,0}     21    0
64    524    29    31  0.191579  {1,1,0}     34    1
85    556    17    22  0.664575  {1,0,0}     36    1
82    560    29    30  0.117684  {0,2,0}     23    1
37    584     3    15  0.387381  {1,1,0}     36    1
3     586   110   113  0.275239  {0,3,0}     28    1
36    587   237   240  0.185323  {0,3,0}     27    0
107   607   177   184  0.541813  {1,0,0}     20    0
78    611     2     3  0.709651  {1,1,0}     29    1
101   621     7     8  0.037312  {1,1,0}     32    1
108   625   147   148  0.855032  {1,2,0}     34    1
93    627   160   164  0.105218  {0,1,0}     37    1
119   633    51    52  0.790769  {0,3,0}     31    1
86    638    92    93  0.315784  {0,2,0}     22    0
87    645     2     3  0.308271  {0,2,0}     40    1
43    647   120   154  0.500130  {0,2,0}     20    0
100   653   145   146  0.630837  {1,1,0}     35    1
12    660    29    31  0.443972  {0,1,1}     23    1
67    662   202   203  0.316510  {0,1,0}     24    1
29    680    63    64  0.153356  {0,3,0}     22    1
91    723   116   120  0.562131  {1,1,0}     26    1
71    725   206   207  0.152215  {0,3,0}     22    1
2     729   245   246  0.793272  {0,1,0}     32    1
20    745    43    46  0.884610  {0,2,0}     31    0
42    748   198   200  0.960674  {1,1,0}     29    1
125   753    38    40  0.981960  {0,2,0}     28    0
75    794   199   201  0.005510  {0,3,0}     36    1
60    801   140   141  0.346684  {1,0,0}     20    1
4     810   241   242  0.186089  {0,1,0}     30    1
32    812   128   129  0.989281  {0,1,0}     36    1
63    826     8     9  0.470066  {0,2,0}     35    0
69    833    26    28  0.491718  {0,2,0}     40    1
0     834    75    76  0.734823  {0,2,0}     37    0
57    854   176   180  0.324603  {0,2,0}     36    1
109   866   105   117  0.416023  {0,1,0}     25    0
15    866   139   141  0.332294  {0,3,0}     24    1
16    869   190   192  0.615496  {1,0,0}     23    1
50    871   223   224  0.917185  {0,2,0}     35    1
92    872    80    81  0.985468  {0,2,0}     40    1
114   878   188   189  0.779494  {0,2,0}     30    1
33    899   231   236  0.131844  {1,0,0}     23    1
97    902   167   175  0.875198  {0,1,0}     30    0
124   908    50    51  0.902079  {1,1,0}     35    1
80    914   206   207  0.842804  {0,1,0}     35    1
26    914   169   173  0.969251  {1,0,0}     36    1
8     921   215   216  0.311224  {0,1,1}     21    1
35    923   194   195  0.961305  {0,1,0}     27    1
17    928     5    26  0.128943  {1,1,0}     25    1
122   935   145   146  0.383449  {0,1,0}     35    0
76    944    65    91  0.392486  {0,0,1}     33    1
66    955   225   227  0.329844  {1,0,0}     28    1
53    964   125   149  0.694118  {0,0,1}     36    1
51    973   193   194  0.909851  {1,1,0}     30    1
105   975   198   200  0.082198  {1,1,0}     34    1
61    979    10    41  0.692808  {1,1,0}     31    1
59    981   118   119  0.018827  {0,1,0}     20    0
115   988   244   248  0.195847  {0,1,0}     36    0
118  1004   246   248  0.366548  {1,2,0}     21    1
28   1024    88    96  0.919335  {0,1,0}     36    1
73   1030   110   113  0.420854  {0,2,0}     24    1
13   1038   155   156  0.849856  {0,1,0}     23    1
14   1041    88    89  0.228856  {0,2,0}     25    1
72   1044   202   203  0.957924  {0,1,0}     35    0
39   1058   157   158  0.915297  {0,1,0}     34    1
95   1064     5    26  0.339562  {0,0,1}     37    1
88   1095   238   240  0.923100  {0,1,1}     24    1
22   1105   157   159  0.341168  {0,2,0}     26    0
9    1105   156   162  0.070891  {0,2,0}     34    0
46   1117   134   146  0.351537  {0,1,0}     27    0
126  1121   197   198  0.047506  {1,0,0}     30    1
112  1130   202   203  0.196729  {0,2,0}     38    1
45   1140    39    40  0.323838  {0,2,0}     34    1
117  1160   158   160  0.142331  {0,1,0}     23    1
110  1161   185   186  0.529405  {0,2,0}     36    1
5    1163    54    58  0.081907  {0,1,0}     22    1
81   1171    73    74  0.273807  {0,0,1}     38    1
30   1173    19    20  0.571163  {0,1,1}     38    0
104  1186    69    78  0.556890  {0,1,0}     25    0
79   1189   219   221  0.043178  {1,1,0}     29    1
44   1197     5    23  0.601214  {0,2,0}     31    1
52   1201   241   242  0.090953  {0,2,0}     26    0
24   1225   100   111  0.108754  {1,0,0}     27    1
62   1229   169   170  0.768464  {0,3,0}     31    1
77   1245   190   192  0.289807  {0,0,1}     38    0
31   1264   153   156  0.098713  {0,1,1}     32    1
116  1275    77    81  0.779888  {1,0,0}     34    1
49   1303    73    74  0.779202  {0,2,0}     32    0
34   1314   231   236  0.833795  {1,1,0}     36    1
21   1320   151   152  0.581441  {1,1,0}     31    1
58   1336   117   118  0.324557  {1,1,0}     27    1
68   1350   241   242  0.540971  {1,1,0}     28    1
18   1353   169   170  0.694118  {0,1,0}     35    1
99   1367   161   162  0.163482  {0,2,0}     21    1
27   1378   177   184  0.970077  {1,0,0}     29    1
47   1379   202   204  0.752138  {0,3,0}     25    1
84   1382   163   164  0.939125  {0,2,0}     24    1
6    1390   111   112  0.942930  {0,2,0}     27    1
90   1402   128   129  0.884668  {0,1,0}     26    1
25   1407    70    71  0.296459  {0,1,1}     21    1
11   1410   135   136  0.406592  {0,1,0}     21    0
120  1410   184   185  0.688629  {1,1,0}     33    1
1    1423   125   126  0.410492  {1,1,0}     21    1
123  1437    98   131  0.533194  {0,2,0}     29    0
