map EGL-G1-E
fac 5 10 {0,86,51,119,190}
hosp 1 {0}
n_ALS 6 1 {2:86,1:51,1:119,2:190}
n_BLS 21 1 {4:0,3:86,7:51,5:119,2:190}
n_CLS 9 0 {2:0,1:86,2:51,2:119,2:190}
      c_m  head  tail      c_af      c_d  c_tau  c_h
105     4   107   108  0.099159  {1,0,0}     29    1
45     11   164   165  0.445477  {0,3,0}     27    1
47     16   189   190  0.143705  {1,0,0}     27    0
61     22   191   193  0.364766  {1,0,0}     32    1
23     22    71    72  0.690955  {1,2,0}     23    1
2      26    36    37  0.337484  {1,0,0}     34    1
35     34     1    12  0.465219  {0,1,0}     23    0
64     38    83    85  0.590435  {0,1,0}     39    1
127    83   106   107  0.827080  {0,1,0}     39    1
59     88   178   183  0.316015  {0,2,0}     31    1
51    117    49    56  0.107963  {0,3,0}     38    0
10    138   139   141  0.998204  {0,3,0}     20    1
20    147    53    54  0.328799  {0,2,0}     40    0
125   164     5    26  0.382921  {0,3,0}     40    1
106   166     2    14  0.045789  {0,2,0}     22    1
13    233    36    38  0.826292  {1,0,0}     22    1
62    265   103   104  0.181519  {0,2,0}     30    0
94    276    29    31  0.474727  {1,1,0}     38    1
21    292   228   229  0.123702  {1,3,0}     39    1
14    304   238   240  0.677861  {1,1,0}     29    1
30    313   122   123  0.157636  {0,1,0}     23    1
98    326    48    57  0.547454  {1,0,0}     37    1
76    326    59    71  0.070906  {1,2,0}     23    1
114   377    46    47  0.902624  {1,1,0}     20    1
122   383    25    26  0.960564  {0,3,0}     23    0
83    434     3     4  0.057380  {1,0,0}     23    1
17    436   163   168  0.802259  {0,2,0}     31    0
44    466   124   151  0.315109  {1,0,0}     39    1
95    474   169   170  0.872581  {1,1,0}     27    1
89    477    31    32  0.637954  {1,0,0}     38    1
126   479    85    86  0.888530  {0,1,0}     32    1
50    481   219   220  0.211048  {0,1,0}     30    1
33    482   196   203  0.739513  {1,0,0}     28    1
86    495    69    70  0.592269  {1,0,0}     21    1
39    523   121   122  0.619080  {0,0,1}     24    1
96    525   111   112  0.679226  {1,0,0}     36    1
16    526    95    97  0.893236  {0,3,0}     24    1
55    539    68    79  0.278907  {1,1,0}     24    1
40    543   234   236  0.863540  {0,1,0}     27    0
65    551   112   113  0.862432  {1,0,0}     37    1
37    561    45    64  0.065879  {0,1,0}     40    0
124   567   136   137  0.695022  {1,0,0}     28    1
101   567   207   208  0.287862  {0,3,0}     38    0
12    571    39    52  0.973288  {0,1,0}     30    1
123   588    43    44  0.311002  {0,1,0}     26    0
52    593    68    69  0.474727  {0,0,1}     40    0
103   600   115   116  0.079991  {0,3,0}     28    0
24    603    39    52  0.682261  {0,1,1}     32    1
92    604    65    66  0.015260  {0,3,0}     27    1
11    632   219   221  0.119087  {0,2,0}     29    1
66    635   212   243  0.989191  {0,1,0}     35    0
68    639   185   186  0.513681  {0,1,1}     25    0
4     645    35    36  0.229805  {0,3,0}     25    1
60    647    14    15  0.573158  {0,1,0}     39    0
0     654   132   134  0.986900  {0,2,0}     35    0
112   660   174   176  0.561106  {1,1,0}     40    1
7     661    20    21  0.273143  {0,3,0}     35    1
119   695    29    30  0.069456  {1,0,0}     29    1
26    702    57    61  0.829687  {1,0,0}     22    1
100   707    31    32  0.961229  {0,1,0}     33    1
3     710    29    31  0.220090  {0,1,0}     39    1
79    729   149   150  0.292116  {0,2,0}     21    0
25    735   185   186  0.815216  {0,2,0}     28    0
120   747   162   167  0.756228  {0,1,1}     21    1
82    753   225   226  0.840011  {0,1,0}     36    1
88    755    24    26  0.842159  {0,1,0}     20    1
43    789    23   170  0.833366  {0,1,1}     24    0
91    793   196   197  0.706066  {1,1,0}     23    1
41    793   243   244  0.674612  {0,2,0}     31    0
38    797   174   175  0.100327  {0,1,0}     29    1
116   808   184   185  0.505457  {0,1,0}     29    1
19    817   197   198  0.276797  {0,2,0}     29    1
108   823    95    97  0.100440  {1,1,0}     25    1
109   826    83    84  0.751205  {1,1,0}     23    1
34    845    92    93  0.946221  {1,0,0}     31    1
84    852   179   180  0.600969  {0,1,1}     25    1
70    877   177   184  0.490501  {0,2,0}     37    0
56    887    22    24  0.336182  {0,3,0}     25    1
71    894   156   160  0.444845  {0,1,0}     32    0
22    907    57    61  0.534107  {0,3,0}     33    0
102   919   215   216  0.736309  {0,3,0}     23    1
117   927   195   197  0.509486  {0,2,0}     38    1
111   935   244   245  0.033009  {0,1,1}     40    0
67    938    43    46  0.725667  {0,1,0}     34    0
9     945     5    23  0.408000  {0,2,0}     27    1
27    959   199   201  0.423865  {1,0,0}     29    1
8     961    29    30  0.523689  {0,1,0}     38    0
104   965   154   155  0.442157  {0,3,0}     38    0
73    965    83    85  0.368154  {1,0,0}     29    1
49    974    54    55  0.069897  {1,0,0}     27    0
32    992   197   198  0.018233  {1,1,0}     37    1
85   1006    48    57  0.411756  {0,1,0}     22    1
5    1009   170   171  0.321048  {1,1,0}     20    1
6    1014    62    63  0.049935  {1,0,0}     26    1
74   1051    86    87  0.757847  {0,2,0}     34    1
80   1057     2    14  0.276044  {0,0,1}     38    1
87   1069    18    20  0.995888  {1,0,0}     39    1
57   1070    24    25  0.376887  {0,3,0}     22    1
31   1073   132   134  0.815500  {0,1,0}     34    0
113  1101    94    95  0.485791  {0,1,1}     39    0
77   1105    20    21  0.765366  {0,1,0}     28    0
93   1111   213   216  0.142752  {0,1,0}     40    0
75   1121   115   116  0.864240  {0,1,0}     28    0
15   1132   199   201  0.601785  {1,1,0}     35    1
97   1133   123   124  0.322019  {1,1,0}     39    1
1    1155    89    90  0.919150  {0,2,0}     25    0
118  1157    80    88  0.661772  {0,3,0}     40    0
58   1161    32    33  0.829750  {0,2,0}     29    1
99   1172     5    23  0.785850  {1,0,0}     32    1
46   1174    12    16  0.981322  {1,1,0}     20    1
115  1188     4    22  0.433202  {0,1,0}     24    1
54   1194    70    71  0.557467  {0,1,0}     28    1
63   1204   238   239  0.805447  {0,1,0}     23    1
42   1207    95    97  0.296467  {0,0,1}     37    0
29   1234     4    22  0.438455  {0,1,1}     35    1
48   1253   155   156  0.073810  {0,1,0}     35    1
81   1262   161   162  0.884683  {0,1,0}     30    1
90   1265   232   233  0.601431  {0,2,0}     30    0
78   1276     8     9  0.073026  {1,1,0}     40    1
107  1327    43    45  0.382630  {0,1,0}     40    0
69   1330    48    57  0.633143  {0,1,1}     39    1
110  1332    49    50  0.321646  {1,0,0}     37    1
121  1348    66    68  0.957413  {1,0,0}     26    1
53   1364   111   112  0.328968  {0,3,0}     28    1
36   1367    65    92  0.457818  {0,2,0}     38    1
18   1378     6    27  0.630040  {0,1,0}     27    1
72   1409   196   197  0.291619  {0,2,0}     30    1
28   1413   100   101  0.874415  {0,2,0}     38    0
