map EGL-G2-A
fac 5 10 {0,196,143,48,235}
hosp 1 {0}
n_ALS 5 1 {2:0,2:143,1:235}
n_BLS 21 1 {2:0,4:196,2:143,6:48,7:235}
n_CLS 6 0 {1:196,2:143,3:48}
      c_m  head  tail      c_af      c_d  c_tau  c_h
61      0    23   171  0.522469  {0,1,1}     39    0
23     46    63    64  0.431591  {1,0,0}     35    1
63     54    66    93  0.950231  {1,1,0}     39    1
91     81   157   161  0.194704  {0,0,1}     30    0
51    191    11    42  0.770711  {1,0,0}     33    1
71    197   216   218  0.540888  {1,2,0}     28    1
20    280    79    80  0.262674  {0,2,0}     28    0
12    328   195   248  0.855707  {1,0,0}     23    1
60    339   177   180  0.025676  {0,1,0}     23    1
65    342    31    32  0.844381  {0,1,0}     37    0
96    371    43    46  0.745852  {0,1,0}     30    1
62    394   208   209  0.884409  {1,0,0}     29    1
70    414    87    88  0.737105  {0,1,0}     38    0
21    421   217   219  0.597513  {0,1,0}     38    1
77    421   163   168  0.175071  {1,0,0}     22    1
85    443   142   143  0.080076  {0,1,0}     28    0
1     450    92    93  0.306881  {0,2,0}     38    0
66    504    28    29  0.167198  {1,1,0}     20    1
32    507    69    80  0.008433  {1,1,0}     39    1
26    509   124   125  0.218486  {1,1,0}     22    1
59    521   219   220  0.560885  {1,0,0}     38    1
31    539   213   214  0.166393  {0,1,0}     39    0
105   541    57    61  0.616890  {0,0,1}     29    1
56    542    72    73  0.987242  {0,3,0}     38    0
24    545   246   247  0.259098  {1,0,0}     21    1
75    548   247   249  0.941812  {1,0,0}     21    1
29    549   226   251  0.697640  {0,2,0}     29    0
13    559   223   224  0.041288  {0,2,0}     25    0
36    575   185   187  0.435301  {0,2,0}     28    0
73    579     3    23  0.243849  {0,1,0}     34    1
112   579   164   169  0.225492  {0,1,0}     35    1
11    595    25    26  0.812147  {0,2,0}     20    1
42    595   250   251  0.310965  {0,1,0}     24    1
52    595     6     7  0.592612  {0,0,1}     29    0
44    600    81    89  0.861606  {0,3,0}     36    0
25    602    71    72  0.140532  {0,1,1}     24    1
15    603     6     7  0.849051  {0,1,0}     30    1
116   610   120   162  0.543546  {0,3,0}     26    0
78    616    50    51  0.151822  {0,1,1}     27    0
87    619   180   181  0.412035  {1,0,0}     40    1
19    619   237   238  0.931653  {1,3,0}     23    1
124   621   252   253  0.903478  {1,1,0}     34    1
115   627    95    99  0.322794  {0,2,0}     20    1
39    633   223   224  0.020300  {0,1,0}     25    0
47    654   159   160  0.194858  {1,0,0}     28    1
109   660   139   140  0.286566  {0,0,1}     36    0
18    667   129   138  0.861405  {0,3,0}     34    1
113   670   227   231  0.911922  {0,2,0}     26    1
103   681   181   182  0.204449  {0,2,0}     33    0
6     717    20    21  0.209250  {0,0,1}     38    0
45    718    86    87  0.904046  {0,1,1}     22    0
114   719   105   107  0.950782  {1,1,0}     21    1
102   721   126   150  0.384257  {0,1,1}     38    0
14    742   166   178  0.169380  {1,1,0}     20    1
98    744   192   193  0.327132  {1,2,0}     24    1
121   748   239   240  0.547428  {0,2,0}     31    0
89    775   122   123  0.682205  {0,2,0}     33    1
55    788   192   193  0.851550  {1,0,0}     24    1
120   790    35    36  0.797699  {1,1,0}     36    1
40    791    28    29  0.861401  {1,1,0}     38    1
67    796    97   112  0.975462  {0,1,0}     26    1
99    801    92    93  0.955592  {1,0,0}     21    1
16    804   217   218  0.124057  {0,1,0}     30    1
50    810     2     3  0.197485  {1,0,0}     39    1
110   824    89    97  0.136920  {0,2,0}     23    1
38    832    98   127  0.594223  {0,2,0}     31    1
2     837   145   148  0.291320  {0,2,0}     24    1
74    843   227   233  0.195413  {1,1,0}     31    1
68    844    36    38  0.359704  {0,1,0}     35    1
3     859   142   143  0.630697  {0,3,0}     21    1
117   865   138   139  0.954293  {1,1,0}     33    1
97    866   196   197  0.385040  {1,0,0}     35    1
122   867    24    25  0.405945  {0,1,1}     20    0
69    880     6     7  0.403002  {0,3,0}     31    1
4     885   190   192  0.425933  {1,0,0}     39    1
10    900   213   214  0.357493  {0,0,1}     27    0
64    902    97   112  0.943996  {1,0,0}     23    1
79    903   128   139  0.916964  {0,1,1}     26    1
0     916   176   177  0.461661  {0,1,0}     37    1
101   928   121   122  0.671423  {0,1,0}     24    1
34    929    81    82  0.595419  {0,0,1}     27    0
27    937    71    73  0.400846  {0,1,0}     22    1
123   939    66    67  0.183546  {1,3,0}     30    1
108   940   189   190  0.200082  {0,2,0}     32    0
35    940   233   235  0.349075  {1,0,0}     40    1
90    940   124   125  0.780207  {0,2,0}     33    1
111   949    50    51  0.883448  {1,0,0}     31    0
49    949   231   232  0.164563  {0,1,0}     31    1
100   952     5    26  0.748735  {1,1,0}     25    1
46    960   197   200  0.973799  {0,2,0}     30    1
43    972   226   227  0.340235  {1,1,0}     30    1
7     974    40    41  0.236199  {0,1,1}     33    1
41    978   217   218  0.919442  {0,2,0}     38    1
83   1013    68    69  0.798983  {1,0,0}     35    0
22   1016    86    87  0.934114  {0,3,0}     27    0
125  1017    67    68  0.945542  {0,0,1}     24    0
80   1032    43    45  0.615369  {0,0,1}     31    0
28   1046    38    40  0.205710  {1,2,0}     36    1
106  1055   174   183  0.574330  {0,2,0}     24    0
127  1064   117   119  0.701987  {0,3,0}     40    1
92   1067   128   139  0.801243  {1,0,0}     25    1
58   1109   106   108  0.186446  {0,1,0}     23    0
126  1125    40    41  0.969169  {0,2,0}     22    0
17   1129    69    80  0.962930  {0,2,0}     24    1
37   1133    99   132  0.163593  {1,1,0}     24    1
86   1136   172   173  0.567845  {0,3,0}     32    1
107  1140    48    57  0.395380  {1,0,0}     33    1
88   1143   143   145  0.942509  {0,3,0}     29    1
9    1143   121   122  0.982842  {1,1,0}     31    1
30   1144   212   213  0.810706  {0,2,0}     25    0
57   1147     7     8  0.255475  {0,0,1}     38    1
8    1158    70    79  0.478644  {0,3,0}     20    1
33   1204    97   115  0.120941  {0,0,1}     37    1
5    1206     3    23  0.732267  {1,1,0}     31    1
48   1231    34    41  0.306460  {1,0,0}     32    1
54   1253   186   188  0.837333  {0,3,0}     20    1
119  1274   218   225  0.935110  {0,2,0}     38    0
95   1292   235   236  0.514782  {1,0,0}     40    1
82   1298    97   115  0.217907  {0,2,0}     21    0
94   1310   199   200  0.139282  {0,2,0}     38    0
93   1327     1     2  0.024237  {0,1,0}     28    1
104  1327   103   111  0.417174  {0,3,0}     25    1
84   1330    81    89  0.704475  {0,1,1}     40    0
81   1334     5    26  0.187535  {0,2,0}     22    1
53   1335    63    64  0.868763  {1,1,0}     20    0
72   1336   151   152  0.569360  {0,1,0}     38    1
76   1389    50    52  0.347928  {1,1,0}     32    1
118  1396    89    97  0.057459  {0,2,0}     25    0
