map EGL-G1-C
fac 5 10 {0,180,106,45,75}
hosp 1 {0}
n_ALS 8 1 {1:0,1:180,1:106,1:45,4:75}
n_BLS 16 1 {1:0,3:180,2:106,5:45,5:75}
n_CLS 6 0 {2:0,1:180,2:106,1:75}
      c_m  head  tail      c_af      c_d  c_tau  c_h
76     65    70    71  0.772140  {0,2,0}     26    1
62    105    85    86  0.626536  {1,0,0}     28    1
71    112    53    55  0.131787  {0,2,0}     24    0
36    128   186   187  0.335286  {0,1,0}     37    0
33    182    70    71  0.164943  {0,3,0}     23    0
81    198   144   147  0.213223  {0,3,0}     36    1
1     223    12    16  0.873333  {0,3,0}     25    0
50    228     7    30  0.661087  {1,1,0}     37    1
92    233    53    55  0.525006  {0,0,1}     27    1
89    239    56    57  0.427593  {0,2,0}     36    1
9     253   175   176  0.958631  {0,1,0}     37    1
98    304   171   172  0.274326  {0,1,0}     22    1
37    307    47    48  0.744044  {0,1,0}     30    1
91    319    28    29  0.872559  {0,1,0}     28    0
82    338   244   248  0.916708  {1,1,0}     25    1
42    342   198   200  0.421522  {0,1,1}     23    1
29    377   135   136  0.316575  {0,2,0}     20    0
65    383    11    42  0.020223  {1,1,0}     40    1
15    390   146   147  0.967475  {1,1,0}     34    1
23    428    16    18  0.993603  {0,3,0}     24    0
118   431   107   108  0.623918  {0,1,0}     22    1
60    434    43    45  0.820670  {0,1,0}     21    0
73    463    70    71  0.079160  {0,2,0}     20    1
20    468   186   187  0.130002  {0,1,0}     30    1
79    478   246   248  0.890335  {1,1,0}     31    1
27    500   153   157  0.259693  {0,2,0}     23    0
90    501    66    67  0.882579  {1,1,0}     25    1
96    549    15    17  0.337598  {0,0,1}     25    0
108   564    71    72  0.509502  {0,1,0}     36    1
127   571   141   142  0.509199  {1,0,0}     36    1
40    586   228   230  0.603433  {0,2,0}     32    1
104   612    89    91  0.644739  {0,1,0}     24    0
126   612    95    97  0.034913  {1,0,0}     33    1
22    618    83    84  0.136480  {0,2,0}     31    0
13    638    98   130  0.038531  {1,1,0}     30    1
87    655   129   130  0.467744  {1,0,0}     31    1
72    657    93    94  0.951951  {0,1,0}     32    0
3     663   162   166  0.097787  {1,1,0}     22    1
102   663   165   166  0.619901  {0,2,0}     38    0
121   672   211   213  0.674033  {0,0,1}     32    0
106   688   149   150  0.302231  {0,3,0}     23    1
16    703   142   143  0.861537  {0,1,0}     38    0
2     711    30    33  0.206600  {1,1,0}     20    1
78    712    93    94  0.254374  {0,2,0}     36    1
17    713   120   121  0.272676  {1,3,0}     21    1
100   720   128   129  0.905450  {0,1,0}     24    1
54    724    23    86  0.734319  {0,2,0}     34    1
116   725    17    19  0.656246  {1,0,0}     22    1
93    725   241   242  0.458564  {0,1,0}     23    1
6     732   145   146  0.145165  {0,3,0}     38    1
75    734   117   118  0.047629  {0,0,1}     33    0
77    737   165   177  0.838624  {0,2,0}     27    1
38    743   142   143  0.967935  {1,1,0}     37    1
14    786   112   114  0.816518  {0,3,0}     33    1
58    820    92    93  0.508457  {1,0,0}     33    1
35    823   115   116  0.322324  {0,1,0}     40    1
64    828    56    57  0.506864  {0,1,1}     20    1
70    842   198   199  0.701835  {0,3,0}     38    0
103   858    40    41  0.287108  {0,2,0}     32    0
0     860    49    50  0.742661  {1,1,0}     20    0
85    861    98   131  0.778639  {0,3,0}     40    0
123   869    43    44  0.930279  {1,0,0}     20    1
112   876    73    75  0.533079  {0,1,1}     30    1
5     884   184   185  0.711711  {1,1,0}     31    1
95    892   139   141  0.481419  {0,3,0}     28    1
43    893   156   162  0.242050  {0,1,0}     34    1
4     910   203   210  0.837743  {0,2,0}     38    0
113   912   147   148  0.906883  {0,3,0}     30    1
80    915   141   142  0.792704  {1,1,0}     24    1
110   916    23   229  0.905276  {0,1,0}     28    1
67    934   101   102  0.089744  {1,1,0}     36    1
124   935    83    84  0.306422  {0,2,0}     31    1
55    941    67    68  0.327882  {0,1,0}     25    1
107   950     8    33  0.079569  {0,1,0}     30    0
44    956   156   162  0.899009  {0,3,0}     29    0
84    957   165   174  0.322655  {0,0,1}     27    0
47    958   246   248  0.963009  {0,1,0}     26    0
39    967    75    77  0.437203  {1,0,0}     26    1
46    974    23   149  0.438440  {0,2,0}     20    1
68    977   167   175  0.759976  {1,1,0}     36    1
21    995   100   111  0.190569  {0,2,0}     28    1
7     995   121   122  0.158019  {0,2,0}     23    0
8    1012   124   125  0.078211  {0,2,0}     35    0
53   1012   231   232  0.550370  {1,1,0}     26    1
32   1021    75    76  0.668738  {1,1,0}     38    1
51   1032   153   156  0.961494  {0,2,0}     28    0
94   1034     4     5  0.496731  {0,1,0}     37    0
30   1043   147   148  0.200294  {0,2,0}     29    0
66   1043   121   122  0.805095  {0,2,0}     40    0
74   1047   102   103  0.385372  {0,1,1}     29    0
109  1073   207   209  0.107627  {0,1,0}     40    1
86   1073    27    28  0.314892  {0,1,1}     40    1
10   1083    75    76  0.944996  {0,3,0}     32    1
117  1093    93    94  0.057926  {0,2,0}     22    0
26   1095   195   197  0.334554  {0,2,0}     26    1
114  1115   198   199  0.545121  {1,1,0}     24    1
34   1118   234   236  0.127390  {1,0,0}     36    1
69   1124   173   181  0.032673  {0,3,0}     27    1
61   1140    50    52  0.818471  {0,1,0}     29    0
25   1144   157   159  0.134248  {1,1,0}     20    1
41   1147   129   136  0.862103  {0,2,0}     24    1
49   1150    57    61  0.001324  {0,3,0}     32    1
88   1158   116   120  0.880954  {0,2,0}     22    1
115  1189   191   194  0.100298  {0,2,0}     22    1
31   1193   204   209  0.556969  {0,2,0}     23    0
105  1206    53    55  0.853805  {1,1,0}     21    1
99   1219   223   224  0.260473  {0,2,0}     24    1
18   1224   131   132  0.729578  {0,2,0}     37    0
56   1229   244   248  0.594298  {0,2,0}     20    1
119  1241   139   140  0.854048  {1,0,0}     38    1
59   1241    23   149  0.753973  {0,3,0}     40    1
57   1243   104   106  0.848859  {0,1,0}     28    0
120  1263    50    51  0.710427  {0,1,0}     24    1
111  1269   126   127  0.049328  {0,1,0}     37    1
24   1271    67    68  0.644131  {0,2,0}     21    1
122  1272   120   154  0.076903  {0,2,0}     31    0
11   1274   173   181  0.498812  {0,3,0}     32    1
83   1282    61    62  0.579680  {0,3,0}     31    0
19   1333    32    33  0.559986  {0,3,0}     39    1
48   1337    73    74  0.670823  {1,1,0}     31    1
28   1360    77    78  0.294519  {0,1,0}     35    1
125  1362   246   248  0.892843  {0,2,0}     39    0
12   1377    35    36  0.774719  {0,2,0}     39    0
63   1387    96   114  0.181953  {0,2,0}     25    0
52   1411    65    91  0.813240  {0,1,0}     29    0
97   1417    29    31  0.216910  {0,1,0}     26    1
101  1425    68    79  0.205846  {0,1,0}     24    0
45   1431    41    51  0.264571  {1,1,0}     38    1
