map EGL-G2-B
fac 5 10 {0,101,161,10,108}
hosp 1 {0}
n_ALS 7 1 {4:0,2:10,1:108}
n_BLS 15 1 {3:0,1:101,3:161,3:10,5:108}
n_CLS 9 0 {3:0,2:101,1:161,2:10,1:108}
      c_m  head  tail      c_af      c_d  c_tau  c_h
90      0   123   124  0.853509  {0,1,0}     30    0
123     7   223   224  0.661329  {0,1,1}     27    1
39     11   163   167  0.580710  {1,1,0}     25    1
6      56   129   130  0.463298  {1,0,0}     37    0
47     73   177   180  0.573998  {0,2,0}     23    0
73    133   201   203  0.230210  {0,3,0}     31    1
23    140   186   198  0.755599  {0,1,0}     31    1
125   193   202   209  0.876946  {0,1,0}     39    0
31    194   213   215  0.885873  {0,3,0}     35    0
88    255   124   125  0.173269  {1,0,0}     38    1
15    264   245   247  0.811441  {1,0,0}     25    1
37    330    36    39  0.337114  {1,0,0}     27    1
57    362   152   153  0.625711  {1,1,0}     40    1
116   365    71    72  0.657589  {0,2,0}     28    1
66    366   125   126  0.927643  {1,1,0}     21    0
127   387    78    82  0.183093  {1,0,0}     29    1
93    436   204   205  0.859540  {0,2,0}     23    0
67    437     6    27  0.844547  {0,3,0}     35    1
21    441   102   111  0.580928  {1,2,0}     30    1
97    443    97    98  0.133484  {0,3,0}     20    1
99    445   233   235  0.505659  {0,1,0}     26    1
81    458   117   119  0.805519  {1,1,0}     22    1
11    467   119   120  0.201316  {1,3,0}     35    1
9     486    63    64  0.357607  {0,0,1}     20    0
3     488    76    78  0.317609  {0,1,1}     23    0
98    506   117   118  0.489318  {1,0,0}     34    1
69    507    18    19  0.269537  {0,3,0}     40    0
106   527    47    48  0.978707  {0,2,0}     26    1
75    547    39    52  0.985319  {0,2,0}     30    1
83    554     9    34  0.149059  {0,1,1}     20    0
115   555   159   161  0.974296  {0,1,0}     37    0
36    557   135   147  0.962032  {0,2,0}     38    0
0     560    11    42  0.186625  {0,3,0}     35    0
84    562   117   118  0.907182  {1,0,0}     40    1
54    599   138   139  0.464150  {1,0,0}     32    1
103   605    95    99  0.618036  {0,1,0}     29    0
27    605   115   116  0.509243  {0,3,0}     27    1
25    606   174   189  0.500743  {0,0,1}     40    0
68    621   220   221  0.110188  {1,0,0}     32    0
50    624   172   173  0.641965  {0,3,0}     24    0
17    634   188   189  0.989007  {0,2,0}     34    0
96    643     6    27  0.659861  {0,2,0}     25    0
26    652   126   150  0.930983  {0,1,0}     22    1
1     655   231   232  0.915443  {0,0,1}     27    1
46    694    48    49  0.673494  {0,2,0}     38    0
72    696   236   238  0.120276  {0,1,1}     31    1
33    704   211   212  0.538868  {0,1,0}     31    0
82    711   185   187  0.665907  {1,1,0}     36    1
74    714   185   187  0.756930  {0,3,0}     23    1
126   723     9    34  0.043317  {1,1,0}     24    1
117   743    49    50  0.165007  {1,0,0}     33    1
91    756   153   154  0.523143  {0,2,0}     24    1
108   787   128   129  0.509063  {1,2,0}     29    1
2     787   148   149  0.838843  {0,1,0}     22    1
79    796   194   242  0.111135  {1,0,0}     26    0
86    803   202   209  0.871805  {1,1,0}     27    1
14    806    12    13  0.160759  {0,0,1}     24    0
22    807   120   170  0.454228  {1,1,0}     39    1
101   810     6     7  0.627201  {0,3,0}     35    0
30    815    47    64  0.974466  {1,0,0}     37    1
18    822   222   223  0.187944  {0,1,0}     29    0
24    823   205   208  0.141111  {1,1,0}     37    1
77    837     6    27  0.906649  {1,1,0}     32    1
60    843    53    54  0.593942  {0,1,0}     21    1
56    844    66    67  0.956607  {0,2,0}     20    0
89    844     9    10  0.187759  {0,3,0}     22    1
102   845    50    53  0.333997  {0,1,0}     20    1
12    849    46    47  0.889157  {1,1,0}     33    1
105   857    14    15  0.228864  {0,3,0}     28    1
122   878   239   243  0.600687  {0,2,0}     31    0
80    879   116   123  0.922376  {0,1,0}     39    1
4     881   133   135  0.220388  {1,1,0}     28    1
52    885   234   235  0.304480  {0,2,0}     37    1
70    902    89    90  0.755113  {0,3,0}     23    0
40    906   125   126  0.265533  {0,1,1}     28    1
49    932   101   102  0.365235  {1,0,0}     30    1
34    943    30    33  0.574990  {0,2,0}     35    1
92    943   132   133  0.928657  {0,3,0}     30    1
61    949   245   246  0.415294  {1,1,0}     39    1
94    950   186   188  0.470068  {0,1,0}     32    0
76    954   139   140  0.124697  {0,1,0}     27    1
20    961    62    63  0.169711  {0,2,0}     20    0
53    968   122   124  0.437316  {1,0,0}     28    1
109   980    78    82  0.645666  {1,1,0}     26    1
10    988   205   208  0.114819  {0,2,0}     29    0
29    994   143   145  0.655562  {1,0,0}     23    1
85   1002     8     9  0.872284  {1,1,0}     35    0
71   1008   101   112  0.442974  {0,2,0}     20    0
114  1050    31    38  0.844220  {0,1,1}     25    1
87   1057    51    52  0.919668  {0,0,1}     38    1
59   1059   158   160  0.077884  {0,2,0}     30    1
32   1071    63    64  0.549753  {1,0,0}     27    1
28   1072   104   114  0.043246  {0,3,0}     33    1
42   1087    67    69  0.067904  {0,2,0}     31    0
107  1095   172   173  0.521756  {1,1,0}     33    1
110  1110     9    10  0.088724  {1,1,0}     27    1
121  1112   233   234  0.959449  {0,1,0}     35    1
51   1123   233   234  0.284008  {0,1,0}     39    1
113  1136    39    52  0.168428  {0,3,0}     39    0
45   1141   186   188  0.539082  {0,1,0}     34    1
19   1142   124   125  0.811703  {1,0,0}     25    0
55   1143   218   250  0.913650  {0,2,0}     26    1
43   1144   213   215  0.882308  {0,3,0}     31    0
124  1195    71    73  0.653492  {1,2,0}     35    1
38   1206   154   158  0.635952  {0,1,1}     40    0
65   1209    95    99  0.062287  {1,1,0}     31    1
112  1220   120   170  0.334420  {0,2,0}     26    1
16   1224     4     5  0.750928  {0,1,0}     26    1
5    1227   198   199  0.922875  {0,1,1}     27    1
58   1229   192   193  0.351889  {0,1,0}     38    1
8    1265    16    18  0.494043  {1,0,0}     24    1
44   1286   208   209  0.949950  {1,0,0}     26    0
7    1306   156   162  0.504052  {0,2,0}     33    0
104  1307   244   245  0.528838  {0,1,1}     28    0
78   1314   220   221  0.915118  {0,2,0}     26    1
62   1321    18    19  0.682432  {0,3,0}     23    0
35   1329   252   253  0.387819  {1,1,0}     29    1
111  1333    67    69  0.114540  {1,0,0}     37    1
119  1335    45    46  0.839519  {1,1,0}     23    1
95   1338   208   210  0.043565  {0,0,1}     26    1
13   1368    10    41  0.897051  {0,3,0}     26    1
41   1380   115   116  0.106791  {0,2,0}     38    0
100  1406   163   167  0.415261  {0,1,0}     27    0
64   1413   248   249  0.621891  {1,0,0}     25    0
118  1421   156   157  0.220972  {1,1,0}     25    1
63   1428   195   196  0.680439  {0,1,0}     30    0
120  1436   190   192  0.621591  {0,2,0}     36    1
48   1438   161   165  0.967221  {1,0,0}     25    1
