map EGL-G2-B
fac 5 10 {0,251,129,27,23}
hosp 2 {0,176}
n_ALS 10 1 {2:0,2:251,1:129,3:27,2:23}
n_BLS 17 1 {4:0,2:251,4:129,3:27,4:23}
n_CLS 8 0 {1:0,1:251,3:27,3:23}
      c_m  head  tail      c_af      c_d  c_tau  c_h
112    15    50    52  0.498415  {0,1,0}     38    0
44     27    18    19  0.365527  {1,3,0}     32    1
74     28   133   135  0.094566  {0,2,0}     22    1
96     78   122   123  0.960425  {1,0,0}     33    1
72    100    58    59  0.587499  {0,2,0}     27    1
8     107   228   229  0.692523  {1,1,0}     33    1
79    129   203   204  0.229941  {0,1,0}     35    0
17    137    10    41  0.888480  {1,0,0}     27    1
37    157   135   147  0.441245  {0,1,0}     20    1
28    180   122   124  0.764479  {0,2,0}     20    1
59    189   116   123  0.297786  {0,1,0}     26    1
19    212   228   230  0.493595  {1,1,0}     26    1
46    220   158   160  0.818720  {0,2,0}     35    1
7     250    96    98  0.021843  {1,1,0}     29    1
60    324   235   236  0.504946  {0,2,0}     26    1
118   378    43    45  0.118304  {0,3,0}     39    1
89    386    89    97  0.665436  {0,2,0}     34    0
20    387     7     8  0.610626  {1,0,0}     21    1
84    483   138   139  0.183301  {0,2,0}     27    1
104   489   181   182  0.247247  {1,1,0}     38    1
99    491    80    81  0.633700  {0,1,1}     38    1
32    507    32    33  0.444917  {0,2,0}     39    0
102   512   190   191  0.886789  {0,2,0}     35    0
110   513    97   112  0.963073  {1,1,0}     37    1
81    519   240   241  0.260885  {1,1,0}     34    1
34    533    40    41  0.756829  {0,3,0}     33    1
92    543   133   135  0.355926  {0,1,0}     35    1
69    552   155   156  0.381468  {0,1,0}     20    0
85    554   113   115  0.234642  {1,0,0}     31    1
9     559   239   240  0.222005  {1,1,0}     38    1
80    571    39    40  0.964125  {0,2,0}     24    1
53    577   213   214  0.448509  {0,1,1}     35    1
52    578   161   165  0.467170  {0,0,1}     40    1
3     586    49    50  0.767165  {0,1,0}     40    0
39    593   120   170  0.428252  {1,0,0}     30    1
101   599   116   123  0.176788  {0,1,0}     40    1
103   624   161   165  0.104142  {0,1,1}     28    1
115   624   194   242  0.038313  {0,2,0}     30    1
119   629   195   248  0.609143  {0,1,0}     26    0
117   630   168   176  0.833949  {1,1,0}     28    1
94    659    23   171  0.831913  {0,1,1}     20    1
23    664    35    36  0.616224  {0,3,0}     24    1
73    672   216   217  0.319678  {0,2,0}     38    1
107   682   170   174  0.828574  {0,1,0}     23    0
58    685    99   131  0.909138  {0,2,0}     20    1
15    686   135   136  0.251288  {0,2,0}     28    1
55    701   184   185  0.376189  {1,1,0}     26    1
114   705    12    16  0.632212  {0,3,0}     21    0
91    729   143   144  0.176509  {1,1,0}     27    1
125   732   177   180  0.742672  {0,2,0}     26    1
38    742   163   167  0.387582  {0,3,0}     21    0
12    744    76    77  0.082669  {0,2,0}     30    1
127   752   174   189  0.704729  {1,1,0}     27    1
16    757   107   109  0.529958  {0,1,0}     34    1
76    781   208   209  0.543776  {0,0,1}     30    1
68    782   123   124  0.663675  {0,1,0}     34    0
62    792   206   207  0.710586  {0,2,0}     25    1
50    810    43    46  0.451203  {0,3,0}     20    1
26    814   193   246  0.324563  {1,1,0}     40    1
121   821     1     2  0.310065  {0,3,0}     34    0
105   823    51    52  0.530842  {0,0,1}     30    0
98    838   107   109  0.671483  {0,3,0}     34    1
5     846    89    90  0.682333  {1,1,0}     38    1
122   851   252   253  0.909842  {1,1,0}     21    1
45    856    69    80  0.855689  {1,1,0}     26    1
106   857   221   222  0.311749  {0,2,0}     36    1
77    859    43    44  0.425690  {1,0,0}     33    1
67    895    86    87  0.635399  {0,2,0}     36    0
30    898   145   148  0.693554  {1,0,0}     22    1
97    921    53    54  0.253668  {0,2,0}     23    0
51    935    67    69  0.670443  {0,1,0}     21    1
71    936   172   173  0.582200  {1,0,0}     20    0
22    948    54    55  0.412364  {0,1,1}     35    0
86    949    81    82  0.287439  {0,2,0}     39    0
64    949   133   134  0.325397  {0,2,0}     37    1
49    957    59    72  0.708168  {0,3,0}     29    0
41    963     1    12  0.667579  {1,0,0}     28    1
65    966   129   130  0.144581  {0,1,0}     34    1
35    968     1    12  0.851449  {1,0,0}     34    1
13    975    27    30  0.911048  {1,0,0}     37    1
109   983    61    65  0.104772  {0,3,0}     22    1
83    984   109   110  0.286824  {0,1,0}     34    0
48    991   202   203  0.369309  {0,2,0}     35    1
126   996   126   127  0.185288  {1,1,0}     32    0
123   998    66    93  0.780432  {1,1,0}     21    1
120  1000   107   108  0.487056  {1,1,0}     25    1
29   1003    74    76  0.451381  {0,2,0}     38    0
43   1017   140   141  0.813378  {0,2,0}     28    0
124  1025   121   122  0.646722  {0,3,0}     22    1
61   1028    87    88  0.381064  {0,2,0}     34    1
33   1057   213   215  0.178217  {1,1,0}     34    1
10   1059   142   143  0.187202  {0,1,0}     33    0
0    1086    26    28  0.960446  {0,1,0}     34    1
2    1106   219   220  0.567057  {0,2,0}     25    0
6    1113   117   118  0.648071  {0,2,0}     33    1
24   1117   217   219  0.767366  {1,1,0}     31    1
100  1127   193   194  0.678655  {0,1,1}     37    0
56   1130   105   107  0.918493  {0,3,0}     29    0
63   1143    66    93  0.042995  {0,2,0}     39    0
18   1145     8     9  0.041974  {0,3,0}     37    1
11   1152    29    31  0.888842  {0,3,0}     37    0
1    1155    54    58  0.079195  {1,1,0}     39    1
70   1174    42    43  0.442187  {1,0,0}     35    1
116  1183    16    17  0.480635  {0,1,0}     28    1
27   1199   135   136  0.061671  {0,2,0}     20    1
90   1209   132   133  0.350957  {1,2,0}     22    1
47   1224   233   234  0.764765  {0,1,0}     24    0
95   1240   152   155  0.403479  {0,1,0}     21    1
42   1245   216   218  0.953440  {1,0,0}     36    1
75   1252   129   138  0.418081  {0,3,0}     33    0
108  1264   112   113  0.349070  {0,2,0}     23    1
111  1265   125   150  0.232474  {0,2,0}     33    0
21   1267   136   137  0.841637  {1,0,0}     32    1
54   1268    23    87  0.082187  {1,1,0}     31    1
93   1271   112   113  0.581490  {0,3,0}     20    1
14   1287   162   163  0.802375  {0,1,0}     36    1
31   1288    45    64  0.710579  {0,3,0}     34    0
87   1312   104   105  0.181909  {0,1,0}     26    1
4    1318   166   175  0.698510  {0,1,0}     39    0
82   1321   177   180  0.375188  {0,2,0}     40    0
113  1346   176   177  0.882872  {0,2,0}     37    0
78   1356    54    55  0.462286  {0,3,0}     33    1
36   1363   184   185  0.029506  {0,2,0}     32    1
88   1366     3    23  0.595950  {1,0,0}     34    1
40   1368    42    43  0.973977  {0,2,0}     32    0
57   1383    14    15  0.682279  {0,1,0}     23    0
25   1387   117   121  0.601126  {0,2,0}     20    1
66   1422   251   254  0.595545  {1,3,0}     22    1
