map EGL-G2-A
fac 5 10 {0,235,122,15,254}
hosp 2 {0,46}
n_ALS 6 1 {1:235,2:122,2:15,1:254}
n_BLS 18 1 {3:0,5:235,2:122,4:15,4:254}
n_CLS 10 0 {2:0,1:235,3:122,2:15,2:254}
      c_m  head  tail      c_af      c_d  c_tau  c_h
60      0   237   238  0.584354  {0,2,0}     40    0
111    16    87    88  0.537283  {0,1,0}     20    0
79     31   212   213  0.640293  {0,2,0}     30    1
16     36   227   231  0.291600  {0,1,0}     38    1
32     41    95    99  0.751986  {0,1,0}     38    0
34     52   171   172  0.485308  {0,3,0}     29    1
91     55   210   215  0.359462  {0,1,0}     31    1
0      74    72    73  0.960560  {1,0,0}     25    1
127   113   184   188  0.948369  {1,0,0}     27    1
59    128    93    94  0.517286  {0,2,0}     31    0
39    176    65    66  0.024529  {0,1,0}     39    1
92    181   198   199  0.212165  {0,1,1}     38    0
124   189   219   223  0.329009  {0,3,0}     20    0
86    190   141   142  0.446095  {0,1,0}     32    1
45    192   148   149  0.166816  {1,1,0}     31    1
17    263    20    21  0.549542  {0,2,0}     38    1
53    284   172   173  0.958466  {0,3,0}     27    0
82    306   223   224  0.909340  {0,3,0}     33    1
57    340   117   121  0.745717  {1,0,0}     30    1
20    354   102   103  0.353117  {0,2,0}     25    1
37    357    99   131  0.899313  {0,3,0}     21    1
85    378   125   126  0.924136  {0,2,0}     36    0
4     393   174   183  0.747511  {0,2,0}     33    0
3     396   225   226  0.860745  {0,0,1}     23    0
43    407   199   200  0.476123  {1,0,0}     29    1
21    459    84    86  0.095058  {1,1,0}     32    1
28    480     5    26  0.089014  {0,3,0}     21    1
74    488   186   188  0.610342  {0,1,0}     22    1
101   490     4    22  0.266635  {0,3,0}     28    0
123   511   117   121  0.327772  {1,1,0}     37    1
103   516   184   185  0.635861  {0,2,0}     25    0
126   531   153   154  0.737494  {0,2,0}     22    1
88    538   211   212  0.600866  {0,2,0}     30    0
6     541   225   228  0.823455  {1,1,0}     30    1
2     554   161   165  0.599514  {0,1,0}     26    1
121   571    89    90  0.582808  {1,1,0}     20    1
26    584    40    41  0.551129  {0,2,0}     39    0
67    589   128   129  0.360395  {0,1,0}     31    1
90    591    69    70  0.848631  {1,0,0}     39    1
71    611   166   178  0.688580  {0,2,0}     21    1
27    617   193   246  0.751535  {0,2,0}     40    0
66    617   158   159  0.381753  {0,2,0}     29    0
65    622    57    61  0.008646  {0,1,1}     26    1
118   622   192   194  0.111991  {1,1,0}     38    1
58    631   186   198  0.842432  {0,3,0}     20    1
23    632   208   210  0.777875  {0,1,0}     23    1
102   651   122   123  0.971540  {1,1,0}     25    1
55    669   145   148  0.950837  {0,2,0}     29    1
110   672    29    30  0.424271  {1,0,0}     28    1
41    680     4     5  0.946369  {0,2,0}     31    0
117   680   240   241  0.440160  {0,1,0}     31    1
119   694   106   118  0.861786  {1,0,0}     30    1
40    708    54    55  0.779544  {1,0,0}     34    1
99    716    48    49  0.294965  {0,1,1}     27    1
46    733    45    64  0.626037  {0,2,0}     25    0
25    733    95    99  0.952827  {0,1,0}     22    0
78    734   236   238  0.234014  {0,3,0}     28    1
51    778    97   112  0.483473  {0,0,1}     39    1
89    781    26    28  0.421462  {0,2,0}     39    1
72    784    36    38  0.225285  {1,0,0}     24    1
95    785   174   182  0.022973  {0,2,0}     31    0
76    815   242   243  0.622664  {1,0,0}     28    1
44    819   201   203  0.065611  {1,0,0}     29    1
47    821     2     3  0.309187  {1,1,0}     31    1
62    837     5    26  0.674061  {0,1,1}     39    0
93    842    41    51  0.428273  {1,0,0}     29    1
87    843    65    66  0.166295  {0,1,0}     34    0
49    846   234   235  0.039235  {1,0,0}     27    1
122   855   192   194  0.659630  {0,1,1}     32    0
63    866    89    90  0.104289  {0,3,0}     34    1
114   869   171   172  0.607057  {0,3,0}     23    1
112   879   151   153  0.049109  {1,0,0}     26    0
109   883   235   236  0.232150  {0,3,0}     24    1
75    884    70    79  0.169358  {0,3,0}     32    1
38    893   101   102  0.258037  {0,1,0}     23    0
115   894   103   111  0.546427  {0,1,0}     39    0
56    912    45    64  0.229533  {1,0,0}     29    1
36    920    37    75  0.453600  {0,1,0}     23    1
69    945   178   179  0.945206  {0,2,0}     20    1
8     953   163   168  0.179144  {0,1,0}     35    1
42    955    27    30  0.269127  {0,1,0}     25    1
35    959   205   207  0.890271  {0,1,1}     23    0
70    968    90    92  0.922698  {1,1,0}     30    1
30    972   231   232  0.876259  {1,0,0}     30    1
33    977   252   253  0.996184  {1,1,0}     39    0
11    998   128   129  0.249313  {0,2,0}     27    0
104  1004   216   218  0.800870  {0,2,0}     30    1
73   1017   175   176  0.043991  {0,3,0}     20    1
125  1033   192   193  0.735418  {0,1,0}     36    1
84   1035   227   229  0.499492  {0,2,0}     25    1
113  1044   122   124  0.507786  {0,2,0}     23    0
108  1045   236   237  0.437130  {0,2,0}     34    0
29   1045   117   118  0.814859  {0,2,0}     24    1
97   1053     3    15  0.712283  {0,3,0}     31    0
83   1053    36    38  0.007777  {1,0,0}     27    0
77   1057    24    25  0.753398  {1,0,0}     20    1
52   1066   158   160  0.754344  {0,2,0}     34    1
7    1069    97    98  0.559630  {0,2,0}     39    0
120  1078   175   177  0.623380  {0,3,0}     20    1
96   1090   185   186  0.410198  {0,3,0}     31    1
106  1096    61    62  0.820076  {0,0,1}     39    1
64   1106    58    59  0.300116  {0,3,0}     31    1
31   1127    86    87  0.285961  {0,1,0}     28    1
12   1129    83    84  0.320917  {0,2,0}     26    0
15   1131    58    59  0.352769  {0,2,0}     23    1
94   1134   185   186  0.781312  {0,1,1}     28    1
1    1144   111   114  0.036453  {0,3,0}     29    1
5    1147    22    24  0.765749  {0,2,0}     20    0
81   1149     7     8  0.458346  {0,3,0}     40    0
100  1165    23   171  0.023277  {1,1,0}     20    1
10   1181     8    33  0.774764  {0,3,0}     23    0
116  1211   171   172  0.013690  {1,0,0}     38    1
18   1222    81    89  0.471029  {0,1,1}     31    1
19   1234   245   247  0.454903  {0,2,0}     28    0
80   1240   221   222  0.014818  {0,2,0}     31    1
48   1256    89    97  0.104842  {0,0,1}     28    1
54   1271   121   122  0.825350  {1,0,0}     22    1
24   1275   246   247  0.484239  {0,1,0}     27    0
61   1278   175   177  0.904505  {0,2,0}     36    0
68   1287   235   236  0.757136  {0,1,0}     34    0
22   1318    45    64  0.163112  {1,0,0}     38    1
105  1338   219   223  0.858689  {0,0,1}     34    1
107  1366   215   221  0.221077  {1,0,0}     27    1
14   1387   106   118  0.497249  {0,1,1}     40    0
9    1403   218   225  0.183911  {0,2,0}     30    0
13   1412    10    11  0.905881  {0,2,0}     24    1
98   1429   161   165  0.659008  {0,1,0}     31    0
50   1434    13    14  0.458852  {1,3,0}     31    1
