map EGL-G2-C
fac 5 10 {0,111,231,61,153}
hosp 1 {0}
n_ALS 8 1 {1:0,2:111,1:231,1:61,3:153}
n_BLS 17 1 {2:0,1:111,3:231,4:61,7:153}
n_CLS 7 0 {1:0,2:111,3:231,1:61}
      c_m  head  tail      c_af      c_d  c_tau  c_h
35      7   143   144  0.423468  {1,2,0}     26    1
47     28   171   172  0.763590  {0,2,0}     22    0
49     46   178   179  0.675524  {0,3,0}     35    1
68     79    45    64  0.553571  {0,2,0}     25    0
90     97     3     4  0.279716  {1,1,0}     20    1
67    173   108   109  0.633664  {0,2,0}     40    0
55    181    17    19  0.971326  {0,1,0}     28    1
52    217    22    24  0.898872  {0,1,0}     28    1
95    239    76    78  0.235198  {0,1,1}     29    1
99    255   231   232  0.664933  {0,2,0}     36    1
21    274    78    79  0.504956  {0,1,0}     28    1
115   275   126   150  0.294265  {1,1,0}     29    1
20    276    18    19  0.821798  {1,0,0}     32    1
41    282   193   246  0.184617  {0,1,0}     29    1
1     283   116   117  0.680640  {0,3,0}     36    0
117   293   116   117  0.452802  {0,2,0}     26    1
28    296    59    72  0.112376  {0,2,0}     33    0
34    306   225   228  0.443429  {0,0,1}     39    1
31    345    62    63  0.989222  {0,0,1}     34    1
85    398    43    46  0.701765  {0,2,0}     22    1
61    422   233   235  0.870401  {1,1,0}     24    0
113   425   172   173  0.367561  {0,1,0}     28    1
9     425   177   180  0.137534  {0,1,1}     20    0
92    425   141   142  0.312335  {0,1,0}     24    1
62    429    69    80  0.137731  {1,1,0}     20    0
124   443    10    11  0.472969  {0,2,0}     40    0
103   449    22    24  0.498976  {1,1,0}     22    1
123   452     8    33  0.126935  {0,3,0}     21    1
82    468    25    26  0.883245  {0,1,0}     37    1
76    476    66    92  0.004299  {0,3,0}     22    0
17    489    68    69  0.560313  {0,1,0}     34    0
2     489    66    92  0.693292  {0,1,0}     36    1
37    495   217   218  0.630760  {0,0,1}     33    1
63    536    35    36  0.710505  {0,3,0}     39    1
77    537   208   209  0.766139  {0,3,0}     34    0
43    544    37    75  0.501184  {0,1,1}     34    1
110   552    23   171  0.653156  {0,2,0}     37    1
30    569    41    51  0.484590  {0,1,0}     28    1
102   578    78    79  0.493424  {1,1,0}     28    1
105   587   106   108  0.623046  {1,0,0}     35    1
54    619   164   169  0.832350  {0,3,0}     35    0
42    620   205   208  0.820044  {0,1,0}     27    1
120   631   157   163  0.075456  {1,1,0}     32    1
108   638    99   132  0.822314  {0,1,0}     37    0
65    642   188   189  0.162285  {1,0,0}     20    1
51    644    66    67  0.583282  {0,3,0}     34    1
16    654   120   170  0.110802  {1,1,0}     33    1
111   655    63    65  0.160447  {0,0,1}     30    0
8     659    26    28  0.321399  {0,2,0}     22    1
127   666    48    49  0.150683  {0,2,0}     36    0
4     674     0    21  0.638546  {0,1,1}     26    1
101   683   231   232  0.221406  {0,2,0}     40    0
40    684   115   116  0.573855  {0,2,0}     26    1
3     689   190   191  0.999958  {0,3,0}     35    0
5     695   176   177  0.538392  {0,1,0}     32    1
121   696    23   150  0.737776  {1,1,0}     20    1
97    723   252   253  0.815527  {0,1,0}     29    0
27    733   122   123  0.952407  {1,2,0}     32    1
66    738   233   234  0.580062  {1,0,0}     31    1
59    748    79    80  0.924502  {0,1,0}     23    0
84    765   118   119  0.310965  {1,1,0}     25    1
36    767    54    58  0.835691  {1,0,0}     27    1
79    791   107   108  0.365281  {1,0,0}     28    1
60    795    61    65  0.323621  {0,3,0}     27    1
86    798    58    59  0.511862  {0,2,0}     27    0
114   800    66    93  0.531383  {0,2,0}     28    1
91    810   107   109  0.887635  {0,1,1}     33    0
73    817    39    52  0.608194  {1,3,0}     33    1
78    820   113   114  0.985528  {1,0,0}     33    1
22    836    43    46  0.213852  {1,1,0}     27    1
104   856   200   201  0.899975  {0,2,0}     32    1
75    880     3     4  0.805557  {0,1,0}     29    1
94    889     3    15  0.849276  {1,0,0}     22    1
38    905   239   244  0.839804  {0,0,1}     32    1
44    914   111   114  0.861359  {1,0,0}     34    1
24    921   154   157  0.319558  {0,1,0}     26    1
70    933   135   147  0.890313  {1,3,0}     39    0
64    939    84    86  0.417882  {0,2,0}     24    1
39    978   249   252  0.801983  {0,3,0}     26    0
53   1002    50    52  0.775352  {1,1,0}     23    1
26   1003   200   201  0.204507  {0,0,1}     25    1
10   1006     8     9  0.739654  {0,2,0}     30    0
50   1012   147   148  0.081532  {1,0,0}     24    1
126  1017    80    81  0.762384  {0,1,0}     22    1
74   1035     7    30  0.989546  {0,1,0}     26    0
45   1044    82    83  0.132062  {1,1,0}     24    1
93   1046    97   112  0.806434  {0,3,0}     29    1
13   1046   179   180  0.528473  {1,0,0}     37    0
118  1053    72    73  0.587855  {0,2,0}     36    1
14   1056    70    79  0.707616  {0,1,0}     23    1
122  1058   121   155  0.099587  {1,1,0}     38    1
7    1061   150   151  0.371408  {0,1,0}     36    0
88   1082   226   251  0.077007  {0,1,0}     30    0
72   1084    23   237  0.112738  {0,0,1}     21    0
80   1090   154   158  0.536311  {0,2,0}     26    0
19   1099   234   239  0.765430  {0,0,1}     40    1
89   1129    66    92  0.834850  {1,0,0}     30    1
106  1139   197   200  0.972393  {0,2,0}     28    1
116  1143    67    69  0.696371  {1,0,0}     39    1
100  1145     1    12  0.262301  {1,0,0}     32    1
119  1156    69    70  0.938626  {0,1,0}     39    1
83   1160     6    27  0.752200  {0,1,0}     25    0
18   1167   106   108  0.210448  {0,1,1}     35    0
98   1170    74    75  0.443336  {1,1,0}     21    1
33   1175   139   140  0.118099  {0,2,0}     38    1
125  1197    89    90  0.830627  {0,1,1}     23    0
81   1207   219   223  0.461922  {1,1,0}     39    1
25   1211   118   119  0.422635  {0,3,0}     30    1
12   1219   234   239  0.542578  {0,1,0}     31    1
46   1220   208   210  0.010766  {1,0,0}     27    1
32   1222   247   249  0.566741  {1,1,0}     33    1
109  1235    36    37  0.142105  {0,1,0}     26    0
6    1237    45    64  0.463007  {0,3,0}     38    0
48   1239    49    56  0.025850  {0,1,0}     34    1
87   1248   251   254  0.952868  {1,1,0}     28    1
96   1254    67    68  0.163345  {0,3,0}     36    0
58   1255    81    82  0.778398  {0,3,0}     20    1
15   1263   233   234  0.390014  {0,2,0}     37    1
23   1277   235   236  0.023952  {0,0,1}     24    1
112  1284   248   249  0.610790  {1,0,0}     40    1
107  1297    67    68  0.875932  {0,2,0}     30    1
56   1305   145   148  0.640006  {0,1,0}     20    0
57   1351   116   123  0.918883  {0,2,0}     31    1
29   1401   249   252  0.014320  {1,0,0}     26    1
69   1412    92    93  0.763985  {0,1,0}     32    0
71   1417   137   138  0.314085  {1,0,0}     29    1
0    1433   249   250  0.519799  {1,1,0}     36    1
11   1435   107   109  0.061182  {1,1,0}     24    1
