map EGL-G2-D
fac 5 10 {0,128,138,43,179}
hosp 1 {0}
n_ALS 9 1 {3:0,2:128,1:138,3:179}
n_BLS 20 1 {7:0,6:128,1:138,2:43,4:179}
n_CLS 7 0 {3:138,1:43,3:179}
      c_m  head  tail      c_af      c_d  c_tau  c_h
28    110    82    83  0.973939  {1,1,0}     23    0
51    130    61    62  0.500912  {0,1,0}     27    1
40    143   116   117  0.144835  {0,3,0}     20    0
47    177    94    95  0.846531  {0,3,0}     31    1
25    182    16    18  0.137392  {1,0,0}     20    1
119   239   228   230  0.351650  {1,0,0}     22    1
95    244    76    77  0.098538  {0,1,0}     36    1
61    271     3    15  0.963004  {1,1,0}     34    1
104   281   220   221  0.261354  {1,0,0}     36    1
37    282   221   222  0.636787  {0,1,0}     22    1
17    297   210   211  0.213085  {0,3,0}     39    0
103   321   245   247  0.749895  {0,3,0}     26    0
39    357    27    30  0.393719  {1,0,0}     34    1
111   399   103   111  0.975045  {0,1,0}     40    1
16    410   246   247  0.158079  {0,2,0}     26    1
12    476   117   118  0.540565  {0,0,1}     38    1
41    481   196   198  0.382213  {1,0,0}     30    1
124   483   231   232  0.041044  {0,3,0}     35    1
105   489   117   118  0.521030  {1,1,0}     34    1
75    529    83    84  0.564667  {1,1,0}     31    1
2     542   157   163  0.300179  {1,1,0}     36    1
91    545    80    81  0.207241  {0,3,0}     40    1
31    548    67    68  0.154420  {1,1,0}     30    1
88    562   108   109  0.925134  {0,1,0}     26    1
33    562    36    37  0.473004  {0,2,0}     25    1
74    582    57    61  0.036385  {1,0,0}     34    1
23    582    74    75  0.674925  {0,2,0}     22    0
121   588   193   246  0.568291  {0,0,1}     34    0
80    596   208   209  0.966399  {0,1,0}     30    0
1     596   139   140  0.437803  {0,3,0}     25    1
77    599    23   171  0.265450  {1,1,0}     40    1
63    606    12    16  0.874080  {1,0,0}     34    1
90    608   239   243  0.745341  {1,1,0}     27    1
82    609   212   213  0.159556  {0,1,1}     37    1
54    614   120   170  0.647809  {0,3,0}     40    0
118   615   168   176  0.612531  {0,2,0}     35    0
6     619   133   135  0.654696  {0,3,0}     29    1
56    627    63    64  0.406756  {0,1,0}     37    1
125   627   175   176  0.042754  {1,1,0}     39    1
81    631    39    40  0.841297  {0,2,0}     32    1
69    644   129   130  0.122601  {0,1,0}     38    1
32    644   202   203  0.520229  {1,0,0}     22    1
60    648   130   137  0.239445  {0,1,0}     38    1
27    672    92    93  0.316094  {1,0,0}     39    1
89    694   130   131  0.911940  {0,1,0}     40    0
21    696    74    75  0.805054  {0,2,0}     29    1
126   699    32    33  0.831475  {0,3,0}     26    1
26    701    82    83  0.332173  {1,0,0}     40    1
93    706   166   178  0.580258  {1,0,0}     31    1
45    721   137   138  0.394684  {1,2,0}     35    1
102   722    86    87  0.976821  {0,1,1}     33    1
10    730   103   111  0.002946  {0,2,0}     35    0
65    730   216   217  0.871706  {0,2,0}     38    1
117   731    39    73  0.135124  {0,3,0}     36    1
59    744   123   124  0.798815  {0,3,0}     20    1
114   748    61    62  0.041771  {0,1,0}     20    1
52    754    13    14  0.683870  {0,3,0}     35    1
55    767    49    50  0.494760  {0,1,1}     21    0
84    781   219   223  0.194773  {0,1,0}     36    1
48    784   177   181  0.601355  {0,2,0}     31    1
9     785   162   163  0.000016  {0,2,0}     20    0
68    789    70    71  0.015012  {0,3,0}     24    0
66    793   188   189  0.003081  {0,2,0}     31    0
127   794   145   148  0.792582  {0,0,1}     40    1
7     808   125   150  0.880406  {0,1,0}     33    1
76    817    37    75  0.615269  {0,1,1}     35    1
14    827    82    83  0.988173  {0,1,0}     29    1
87    832    86    87  0.743050  {0,2,0}     22    0
120   838   102   111  0.672591  {0,1,0}     23    0
110   842   252   253  0.134298  {0,1,0}     26    1
11    847   185   186  0.547453  {1,1,0}     29    1
22    849   146   147  0.547238  {0,1,0}     21    1
108   849   228   229  0.233891  {0,1,1}     20    1
100   854   135   147  0.028325  {1,1,0}     34    1
34    856    23    87  0.667385  {1,0,0}     32    1
73    863   164   169  0.358798  {0,3,0}     27    0
94    887    36    39  0.453707  {0,3,0}     37    0
113   891   164   169  0.774238  {0,1,0}     24    0
101   902   106   118  0.149751  {0,2,0}     23    1
3     907   210   215  0.293401  {1,1,0}     32    1
36    911    49    50  0.307189  {0,0,1}     30    0
42    912   146   147  0.716729  {0,2,0}     24    1
0     916    54    55  0.867810  {0,2,0}     38    0
70    951    61    65  0.732234  {0,0,1}     40    1
107   966    63    64  0.320026  {1,0,0}     26    1
57    968    45    46  0.548479  {0,2,0}     36    1
71    974   129   138  0.174789  {0,1,0}     25    0
62    985    25    26  0.125731  {1,1,0}     33    1
38    989    57    61  0.459382  {0,3,0}     31    1
4    1007   112   113  0.080939  {0,2,0}     30    0
98   1013    97    98  0.715862  {0,1,0}     25    1
29   1039    39    52  0.125420  {0,1,1}     34    0
79   1042   165   166  0.528140  {0,1,0}     24    1
85   1045    97   112  0.144752  {0,2,0}     25    1
78   1046    66    67  0.341372  {1,1,0}     22    1
72   1048   206   207  0.382685  {0,1,1}     31    1
35   1051   120   162  0.402786  {0,2,0}     40    0
30   1057   185   187  0.344260  {1,1,0}     21    1
8    1076    28    29  0.461150  {0,1,1}     39    1
44   1112    31    32  0.731717  {0,1,0}     28    1
112  1122    47    64  0.689644  {0,1,0}     32    0
15   1173   136   146  0.741944  {0,2,0}     28    0
96   1174   184   185  0.667512  {0,2,0}     28    0
18   1189   219   223  0.840446  {0,2,0}     21    0
19   1199   225   228  0.336517  {0,3,0}     35    0
97   1199   179   180  0.935526  {1,0,0}     32    1
50   1202   155   156  0.448225  {0,0,1}     40    1
109  1212   143   144  0.132768  {1,1,0}     24    1
83   1217   205   208  0.577686  {0,3,0}     40    0
99   1227    27    30  0.209467  {0,1,0}     36    1
5    1227   135   136  0.081712  {0,1,0}     27    1
123  1241    73    74  0.379607  {1,0,0}     25    1
24   1256    69    80  0.821271  {0,1,0}     21    1
49   1258   174   183  0.514726  {0,1,0}     32    1
122  1265   155   156  0.361799  {0,2,0}     21    1
43   1310     9    34  0.309848  {1,0,0}     20    1
58   1314   107   108  0.075365  {0,1,0}     34    1
13   1328   127   128  0.923798  {0,3,0}     36    1
86   1338   193   246  0.852131  {1,1,0}     28    1
116  1339    78    82  0.666795  {0,2,0}     29    1
53   1356    74    75  0.401841  {1,2,0}     27    1
67   1366   174   182  0.962820  {0,2,0}     30    0
92   1367   204   206  0.834996  {1,0,0}     24    1
64   1401   109   110  0.762361  {0,1,0}     25    1
115  1409   212   213  0.371946  {0,2,0}     26    1
106  1423    78    82  0.630055  {1,3,0}     24    1
20   1425   152   153  0.216290  {0,1,1}     23    1
46   1435   176   177  0.060427  {0,1,0}     33    0
