map EGL-G1-D
fac 5 10 {0,195,167,178,36}
hosp 1 {0}
n_ALS 8 1 {1:195,3:167,4:178}
n_BLS 15 1 {3:195,3:167,6:178,3:36}
n_CLS 5 0 {1:0,2:167,2:36}
      c_m  head  tail      c_af      c_d  c_tau  c_h
76      7   119   161  0.812896  {0,1,0}     24    1
58     75   232   234  0.457403  {0,1,0}     28    1
111    84    23   229  0.590284  {1,0,0}     23    1
94    107   163   164  0.207329  {1,1,0}     38    1
121   109   163   164  0.342712  {1,0,0}     22    1
70    113   120   154  0.134444  {1,1,0}     39    1
42    118     3    15  0.719206  {0,2,0}     29    1
29    137    43    46  0.552140  {1,3,0}     27    1
37    150     4     5  0.608156  {0,2,0}     38    0
51    163    98   130  0.293850  {0,0,1}     30    1
62    192   198   200  0.353861  {1,1,0}     24    1
24    215    45    64  0.877995  {0,2,0}     33    0
9     227   243   244  0.472654  {0,2,0}     21    0
46    229    29    30  0.405706  {0,1,0}     36    1
31    239   119   161  0.702545  {0,2,0}     38    1
98    280   165   166  0.949108  {1,1,0}     34    1
120   356    11    42  0.872700  {0,1,0}     25    1
122   396   156   160  0.547245  {0,1,0}     36    1
67    425   241   242  0.211892  {0,1,0}     27    0
7     447   132   133  0.048123  {0,3,0}     36    0
23    472    37    74  0.016885  {1,1,0}     24    1
103   496   244   249  0.880495  {0,3,0}     36    0
112   503    59    71  0.366691  {1,0,0}     20    1
36    549    68    79  0.120460  {0,1,1}     28    1
100   550     3    15  0.465412  {1,2,0}     38    0
114   561   165   174  0.896193  {0,1,0}     24    1
80    567    96   114  0.672776  {0,2,0}     34    1
93    568    66    67  0.211875  {0,1,0}     26    0
13    571     4    22  0.044216  {0,2,0}     24    1
71    584   204   205  0.064351  {1,1,0}     25    1
63    601   207   208  0.706472  {0,1,0}     34    1
85    619    86    87  0.402869  {0,3,0}     34    1
116   628   162   166  0.223145  {0,1,0}     40    0
14    630   128   137  0.212650  {0,2,0}     31    0
5     633   244   249  0.710156  {0,2,0}     35    1
44    633    89    91  0.636803  {1,0,0}     24    1
43    638    16    18  0.699584  {0,2,0}     31    1
0     639    49    50  0.798021  {0,2,0}     23    0
73    643   244   245  0.469332  {1,0,0}     37    0
48    651    92    93  0.460387  {1,0,0}     31    1
65    657   190   191  0.712438  {0,1,0}     20    1
57    666   178   183  0.435914  {0,2,0}     39    1
17    673   103   113  0.521208  {1,0,0}     31    0
126   686   216   217  0.547165  {0,2,0}     30    0
75    690   102   103  0.985397  {0,3,0}     36    1
102   700   157   159  0.497185  {1,1,0}     27    1
69    707     3    15  0.083948  {0,1,0}     39    0
33    708   244   249  0.506845  {0,3,0}     20    0
60    717   226   231  0.142171  {1,1,0}     38    0
38    718   231   232  0.373117  {0,2,0}     28    0
64    734    10    11  0.728543  {1,1,0}     27    1
123   745    53    54  0.593103  {0,1,0}     31    0
78    756   106   107  0.537261  {0,2,0}     29    0
88    761    38    40  0.377368  {1,0,0}     25    1
87    763    17    22  0.489207  {1,0,0}     30    1
110   765    23    86  0.838234  {0,2,0}     22    1
92    771   240   242  0.489318  {1,0,0}     34    1
11    771     4     5  0.566104  {0,1,0}     26    1
119   784     8     9  0.386621  {0,1,0}     30    0
107   787    93    94  0.802099  {1,1,0}     38    1
18    795   160   164  0.568934  {0,2,0}     21    1
32    796   144   145  0.472783  {0,3,0}     37    0
104   828   204   209  0.129660  {0,0,1}     34    1
10    836   105   107  0.568383  {0,2,0}     40    1
99    839   124   125  0.262728  {1,0,0}     39    1
19    844   176   179  0.292470  {1,0,0}     28    1
81    850   170   171  0.835978  {0,1,0}     36    1
79    851    51    52  0.283320  {0,0,1}     25    0
2     867   105   117  0.216061  {1,1,0}     33    1
50    876    18    20  0.816503  {1,0,0}     28    1
86    877   195   197  0.458226  {1,1,0}     37    1
68    888   132   133  0.026943  {1,1,0}     22    1
82    894     1    12  0.261829  {0,1,1}     25    0
101   914   104   105  0.491592  {0,1,1}     36    1
26    916    73    74  0.039633  {1,0,0}     27    1
52    935   163   168  0.278866  {0,1,1}     21    0
21    939   123   124  0.799898  {1,1,0}     34    1
125   952   145   146  0.034400  {0,1,0}     40    1
117   955   222   225  0.709046  {0,3,0}     31    1
56    959   202   204  0.620010  {0,1,0}     22    0
4     968   140   141  0.247758  {1,0,0}     28    1
91    974   165   166  0.060656  {1,0,0}     25    1
22    975    90    95  0.350992  {0,1,0}     28    1
41    976   199   202  0.226845  {0,3,0}     30    0
109   982   128   137  0.130267  {0,2,0}     22    1
15    982   246   248  0.368296  {1,1,0}     38    1
106   998    27    30  0.880079  {0,3,0}     25    0
40   1005   128   137  0.574839  {0,1,1}     35    0
55   1006   124   149  0.441836  {0,2,0}     20    0
84   1009    92    93  0.811384  {0,1,1}     27    0
89   1021   198   200  0.157468  {0,2,0}     35    1
20   1026   116   117  0.103006  {0,1,0}     31    0
95   1049   129   136  0.610237  {0,1,0}     21    1
113  1049    77    78  0.253778  {0,3,0}     28    0
90   1069    12    13  0.886661  {0,1,1}     31    1
105  1075     8     9  0.504725  {0,3,0}     23    1
6    1077   147   148  0.060090  {0,2,0}     36    1
118  1079    69    78  0.142006  {1,2,0}     33    1
74   1096   110   113  0.542825  {0,2,0}     24    0
66   1103    30    33  0.910564  {1,0,0}     30    1
35   1111    57    61  0.889126  {0,2,0}     31    0
53   1118    98   130  0.479586  {0,1,0}     34    0
28   1126    38    40  0.757069  {1,1,0}     37    1
115  1131   136   137  0.289194  {0,1,0}     31    1
47   1135   223   224  0.943132  {0,1,0}     29    1
45   1140   100   111  0.554478  {0,1,1}     21    1
16   1152   213   214  0.978727  {0,1,0}     38    0
83   1154   189   241  0.813395  {0,3,0}     40    1
72   1166   229   230  0.445901  {1,0,0}     33    1
8    1204   100   111  0.931050  {0,2,0}     34    1
30   1206    73    74  0.492018  {1,0,0}     39    1
27   1211   105   107  0.424609  {0,3,0}     31    1
34   1214   225   227  0.790857  {0,2,0}     34    1
3    1220    92    93  0.192364  {1,0,0}     31    1
12   1220    58    59  0.474309  {0,3,0}     25    0
1    1242    54    55  0.201218  {1,0,0}     35    1
77   1254   191   194  0.915930  {0,3,0}     40    1
108  1276    31    32  0.827387  {0,1,1}     23    1
97   1297    66    67  0.048913  {0,1,1}     39    1
59   1301   176   180  0.251486  {0,1,1}     40    1
25   1310    14    15  0.379621  {0,2,0}     25    1
49   1316    22    24  0.465083  {0,3,0}     36    0
54   1338   207   208  0.210950  {1,0,0}     26    1
96   1357   135   136  0.104692  {0,1,1}     21    0
124  1358     4    22  0.949369  {0,2,0}     33    1
39   1382   228   230  0.748352  {0,2,0}     27    1
61   1433   169   170  0.908476  {0,2,0}     25    0
127  1438   219   221  0.961588  {1,0,0}     35    1
