map EGL-G1-A
fac 5 10 {0,81,74,160,136}
hosp 3 {0,86,41}
n_ALS 6 1 {1:0,1:81,3:160,1:136}
n_BLS 17 1 {7:0,3:81,3:74,3:160,1:136}
n_CLS 10 0 {2:0,3:81,4:74,1:136}
      c_m  head  tail      c_af      c_d  c_tau  c_h
1       4   202   204  0.611382  {0,1,1}     33    0
63     70   139   140  0.190948  {0,1,0}     40    0
84     72    10    11  0.618057  {1,1,0}     37    1
91     81   193   194  0.458708  {0,3,0}     34    0
92    108   237   240  0.551385  {0,3,0}     30    1
19    153   111   112  0.994705  {1,0,0}     20    1
94    154   169   173  0.056059  {0,2,0}     24    0
103   211   131   132  0.882998  {0,1,1}     33    1
29    252   227   228  0.369099  {1,0,0}     36    1
70    261   219   220  0.920401  {0,1,0}     21    1
46    264     3    15  0.973111  {0,2,0}     24    1
61    289   232   233  0.715643  {1,1,0}     35    1
11    289   120   154  0.483577  {1,0,0}     21    1
114   302   121   123  0.158545  {1,1,0}     35    1
78    364   196   197  0.820171  {1,2,0}     40    1
108   364   246   247  0.668522  {0,3,0}     38    1
67    378   207   209  0.865816  {1,1,0}     27    1
86    421   105   117  0.811589  {0,3,0}     20    1
39    485    24    25  0.149328  {0,1,0}     23    1
37    504   219   221  0.137585  {0,1,0}     36    1
2     533   167   175  0.333550  {0,0,1}     40    1
74    534    93    94  0.418587  {0,0,1}     28    1
26    541   119   161  0.901301  {0,3,0}     40    1
28    542   147   148  0.048239  {0,1,1}     36    0
111   554    22    24  0.785240  {0,1,1}     28    1
98    555   101   102  0.784115  {0,2,0}     23    0
69    557    32    33  0.722318  {1,0,0}     34    1
48    567   108   109  0.754379  {0,2,0}     27    1
42    574   162   166  0.691961  {0,2,0}     39    1
117   582   237   238  0.997550  {0,1,0}     23    0
66    583     3    15  0.868510  {0,0,1}     22    0
21    588    49    50  0.807707  {0,1,0}     29    1
25    591   151   154  0.700066  {0,1,1}     30    0
79    592   225   248  0.669704  {0,2,0}     35    0
23    595   176   180  0.955489  {0,1,0}     33    1
56    628   232   233  0.152736  {0,2,0}     35    1
82    636   132   134  0.365449  {0,1,1}     31    1
15    643   244   245  0.237355  {0,3,0}     30    0
116   647    34    41  0.763901  {0,1,0}     22    1
24    661    80    81  0.815325  {0,3,0}     27    0
31    666   165   166  0.479215  {0,2,0}     24    1
55    669     4    22  0.836456  {0,2,0}     30    0
41    703   199   202  0.812005  {0,2,0}     37    1
123   718   101   110  0.719726  {0,3,0}     23    1
33    720    43    44  0.969035  {1,1,0}     26    1
104   727    36    39  0.283882  {0,2,0}     34    0
95    747   234   236  0.356805  {0,1,0}     30    0
34    749    50    51  0.503898  {0,2,0}     28    1
49    749    42    43  0.891653  {0,1,0}     39    0
53    758   226   231  0.438538  {1,1,0}     30    1
27    766   210   211  0.860257  {0,1,0}     28    0
101   770   162   166  0.626857  {0,2,0}     40    1
0     781   226   227  0.012558  {0,3,0}     38    1
127   788   232   233  0.015378  {0,0,1}     33    1
105   791   202   204  0.125545  {0,2,0}     33    0
124   793    45    64  0.328477  {1,0,0}     20    1
122   799   225   248  0.263570  {0,3,0}     38    1
83    814    82    83  0.542570  {0,2,0}     30    0
72    818     5    26  0.750294  {0,2,0}     22    1
30    819    83    85  0.127663  {0,3,0}     23    1
64    836    15    17  0.342901  {1,1,0}     36    0
80    841     3    23  0.697773  {0,1,0}     25    1
50    852    14    15  0.529539  {1,0,0}     31    0
77    858    68    69  0.950285  {0,2,0}     21    0
97    863   174   176  0.871410  {0,0,1}     35    1
18    883     6    27  0.051886  {1,0,0}     40    0
51    890    59    71  0.889848  {0,2,0}     26    1
20    893   156   162  0.220659  {1,1,0}     21    1
47    894   162   166  0.119346  {1,0,0}     36    1
112   899   223   224  0.680864  {0,1,0}     38    0
120   902   207   208  0.007314  {1,1,0}     38    1
71    905   152   153  0.684605  {0,1,0}     21    1
22    905     2     3  0.522291  {1,1,0}     33    1
45    910     1     2  0.342859  {0,2,0}     39    1
106   920   176   179  0.839491  {1,1,0}     30    1
36    921    41    51  0.419870  {0,1,1}     30    1
38    945   190   191  0.477847  {0,3,0}     30    1
58    952   244   249  0.295941  {0,1,1}     23    0
4     953   176   180  0.780055  {1,0,0}     24    1
32    956   199   202  0.658008  {0,3,0}     25    1
3     957   232   233  0.333347  {1,0,0}     27    1
75    961   124   149  0.958911  {1,1,0}     26    1
10    962    94    98  0.742628  {1,0,0}     23    1
60    968    92    93  0.160735  {0,1,0}     26    1
57    970    11    42  0.084082  {0,2,0}     20    0
73    971   119   161  0.692556  {1,0,0}     27    1
35    973    91    92  0.690225  {0,1,0}     23    1
102   976   207   209  0.794420  {1,0,0}     36    1
8     983   129   136  0.569428  {0,1,0}     20    0
6     991     3     4  0.045478  {1,0,0}     27    1
99   1036     4    22  0.418706  {0,3,0}     21    1
14   1036    73    75  0.063743  {0,2,0}     23    1
90   1061   158   160  0.214508  {0,1,0}     30    0
113  1062   196   197  0.485196  {0,1,0}     25    1
17   1082    51    52  0.957616  {1,0,0}     38    1
5    1084   228   229  0.365788  {0,2,0}     26    1
121  1089   121   122  0.927290  {1,0,0}     34    1
118  1100    12    13  0.205107  {0,3,0}     33    1
68   1110   145   146  0.860483  {0,1,0}     25    0
81   1114   142   144  0.960717  {0,2,0}     32    1
65   1118   140   149  0.174921  {0,1,0}     39    0
96   1122    88    89  0.864966  {0,2,0}     34    1
89   1124   140   141  0.583269  {0,3,0}     25    0
100  1132   104   106  0.155909  {0,3,0}     34    1
76   1135   100   101  0.977631  {1,1,0}     29    1
119  1142   170   171  0.647694  {0,3,0}     25    0
43   1145     6    27  0.957812  {1,3,0}     35    1
62   1162   120   121  0.253398  {0,3,0}     32    1
88   1167   150   151  0.204942  {1,0,0}     37    1
109  1168    94    98  0.223640  {1,0,0}     36    1
13   1204   193   194  0.119893  {0,3,0}     31    1
40   1219   228   229  0.630629  {0,2,0}     24    1
44   1219    23   170  0.561229  {1,1,0}     36    1
87   1222     8     9  0.071741  {0,0,1}     29    1
54   1226   104   105  0.566089  {0,1,0}     40    0
12   1230    11    42  0.816416  {0,1,1}     33    1
107  1233    50    51  0.839640  {1,0,0}     21    1
59   1236   232   234  0.823153  {0,2,0}     34    0
7    1246   150   152  0.384673  {0,1,1}     35    0
9    1255   212   243  0.088737  {0,2,0}     32    1
126  1277    89    90  0.041835  {0,1,0}     30    1
52   1354   106   108  0.445565  {0,2,0}     33    0
93   1358   212   243  0.590764  {0,1,1}     29    0
110  1358    83    84  0.268410  {1,0,0}     37    1
125  1376   177   184  0.545281  {1,0,0}     33    0
85   1383    40    41  0.405980  {0,2,0}     30    1
16   1421    39    40  0.416692  {0,0,1}     38    1
115  1438   190   192  0.117575  {0,2,0}     29    1
