map EGL-G2-B
fac 5 10 {0,157,24,209,160}
hosp 2 {0,201}
n_ALS 7 1 {1:0,2:157,2:24,1:209,1:160}
n_BLS 18 1 {5:0,2:157,4:24,1:209,6:160}
n_CLS 7 0 {2:0,2:157,1:24,1:209,1:160}
      c_m  head  tail      c_af      c_d  c_tau  c_h
102     7    31    38  0.261160  {0,2,0}     30    0
23     13     5    23  0.428724  {1,1,0}     28    1
125    22    35    36  0.239255  {0,0,1}     23    1
112    60   208   209  0.551939  {0,1,0}     32    1
121    82   168   176  0.971134  {0,0,1}     22    1
38     98   194   242  0.639802  {1,0,0}     26    1
64     98   244   253  0.914076  {0,2,0}     27    1
16    112   195   196  0.132088  {0,0,1}     23    0
77    119   152   153  0.714739  {0,3,0}     28    1
74    170    84    86  0.648576  {0,1,0}     25    1
88    179    42    43  0.108771  {1,0,0}     24    1
51    202   143   145  0.856279  {0,3,0}     31    1
26    209     9    34  0.037832  {0,2,0}     32    1
55    305     0    21  0.482972  {0,1,0}     38    0
99    307   158   160  0.168473  {0,1,0}     40    1
8     324    65    66  0.403133  {0,2,0}     22    1
42    405    65    66  0.440125  {0,2,0}     36    1
1     413    78    79  0.516364  {1,1,0}     23    1
89    430   203   204  0.875961  {0,2,0}     25    0
97    435   245   247  0.345096  {0,1,0}     35    1
83    456    36    37  0.611000  {0,3,0}     36    0
0     496   102   103  0.516695  {0,1,0}     25    0
107   498   213   215  0.775847  {0,0,1}     40    0
87    499   250   251  0.337873  {0,1,0}     40    0
48    500   126   127  0.170940  {1,2,0}     39    1
69    502   218   225  0.874901  {1,1,0}     40    1
114   506   199   200  0.174249  {1,1,0}     21    1
5     520   175   177  0.183771  {1,1,0}     34    1
124   535    82    83  0.701588  {0,1,1}     40    1
49    543   196   198  0.597835  {0,2,0}     25    1
6     561    67    69  0.930718  {0,1,0}     25    1
56    564   154   158  0.025874  {0,3,0}     37    1
59    565   185   187  0.861518  {1,0,0}     30    0
25    565   156   162  0.724255  {1,1,0}     32    1
113   570    81    82  0.340160  {1,1,0}     40    1
7     589    38    40  0.163068  {0,2,0}     30    0
72    591   125   126  0.160593  {0,1,1}     35    1
116   595    49    56  0.237250  {0,1,0}     34    0
108   613   236   237  0.840424  {0,1,0}     31    0
93    618   220   221  0.223392  {0,2,0}     29    1
47    621    36    39  0.085235  {1,1,0}     24    1
24    622   179   180  0.037039  {0,1,0}     29    1
52    627   154   158  0.210695  {1,0,0}     28    1
84    635   217   219  0.123084  {1,1,0}     25    1
71    638   180   181  0.128050  {0,3,0}     22    1
96    652   147   148  0.878994  {1,0,0}     29    1
61    655   211   212  0.995878  {0,1,0}     20    1
60    677   240   241  0.616636  {0,1,0}     37    0
109   692   234   239  0.437298  {1,0,0}     32    1
53    699   185   186  0.941893  {0,1,1}     23    1
34    712   159   161  0.592965  {0,2,0}     36    0
43    722   101   102  0.322658  {0,2,0}     32    1
12    734   109   110  0.969495  {0,3,0}     30    0
58    745     5     6  0.186117  {0,1,0}     27    1
85    751    97    98  0.785623  {0,2,0}     37    1
68    768   190   192  0.143589  {0,2,0}     30    1
62    772   111   114  0.397320  {1,1,0}     28    1
40    775   103   104  0.333977  {0,2,0}     33    1
19    777   231   232  0.506172  {0,0,1}     24    1
20    780   179   183  0.583583  {0,1,0}     32    1
120   782    15    17  0.404733  {0,1,0}     23    1
73    786    10    11  0.986239  {0,3,0}     29    0
63    790    27    28  0.151354  {0,2,0}     26    1
66    798   228   229  0.294197  {0,2,0}     28    1
103   802    50    51  0.067618  {0,2,0}     24    1
111   804   154   157  0.000033  {0,1,0}     22    0
45    819   176   177  0.162558  {1,1,0}     39    1
115   819     0     1  0.265737  {1,0,0}     30    1
100   820   106   108  0.092353  {0,1,1}     24    0
79    837   193   246  0.433151  {0,2,0}     34    0
98    845   115   116  0.144624  {1,1,0}     32    1
29    851    51    52  0.418633  {0,2,0}     27    1
31    859   237   238  0.842774  {1,1,0}     34    1
44    860   120   162  0.713532  {1,0,0}     39    1
54    865   204   205  0.086856  {0,1,0}     38    0
91    865    54    55  0.303490  {1,1,0}     33    1
32    868   113   114  0.444860  {0,3,0}     24    1
101   880   145   146  0.366008  {1,1,0}     25    1
14    891    94    95  0.430597  {1,0,0}     30    1
17    901   147   148  0.881036  {1,0,0}     34    1
90    910   106   108  0.893274  {0,3,0}     30    1
15    917   202   209  0.094688  {0,1,0}     29    1
70    922    26    28  0.759484  {0,2,0}     38    1
33    928   128   139  0.754519  {0,2,0}     22    1
18    938   162   163  0.728315  {0,1,1}     35    1
28    945    18    20  0.952442  {0,2,0}     32    0
94    951   105   106  0.768037  {0,3,0}     33    0
76    955   151   153  0.428467  {0,3,0}     22    0
110   958   244   245  0.928431  {1,1,0}     20    1
22    961   166   175  0.432517  {1,1,0}     20    1
104   964   140   142  0.603648  {0,0,1}     39    1
9     965   143   144  0.596569  {0,2,0}     24    1
80    969   113   114  0.517169  {0,2,0}     25    1
78    972   120   170  0.287928  {0,2,0}     24    0
95    985    45    64  0.771012  {0,1,0}     29    1
4     995   213   215  0.524594  {1,2,0}     21    1
50   1004    46    47  0.142426  {1,1,0}     33    1
11   1009   102   103  0.392723  {0,1,0}     40    1
10   1018    85   101  0.331203  {0,0,1}     35    0
105  1035   138   139  0.496130  {0,1,0}     26    1
21   1037   123   124  0.859375  {0,3,0}     39    0
126  1043    19    20  0.166396  {0,2,0}     32    0
46   1051     0    21  0.433987  {0,1,1}     22    1
57   1053    59    72  0.316229  {0,1,0}     27    1
81   1077   157   163  0.188087  {1,1,0}     32    1
122  1083   145   146  0.467384  {0,2,0}     22    1
106  1110   210   211  0.409027  {1,0,0}     40    1
75   1157    62    63  0.989172  {0,1,0}     35    0
13   1166   147   148  0.986563  {0,3,0}     40    1
3    1171   151   152  0.129046  {1,0,0}     35    1
92   1206   202   209  0.316772  {0,3,0}     37    1
37   1210   174   182  0.559178  {0,1,0}     32    1
39   1218    85   101  0.679969  {0,1,0}     40    0
2    1224    35    36  0.565595  {1,0,0}     40    1
35   1227    59    72  0.869309  {0,1,0}     21    0
86   1251   190   192  0.746379  {0,0,1}     32    0
27   1252     6    27  0.562442  {1,1,0}     37    1
30   1255   192   194  0.162264  {0,2,0}     38    0
67   1276    43    44  0.697710  {0,1,0}     26    0
36   1282    24    25  0.595678  {0,2,0}     35    0
41   1288   244   253  0.664792  {0,2,0}     35    1
65   1296   199   200  0.076278  {0,3,0}     31    1
82   1311    71    72  0.201113  {1,1,0}     24    1
117  1315     6    27  0.210000  {1,1,0}     40    1
127  1362    12    13  0.144746  {0,1,1}     23    0
118  1366    54    58  0.251969  {0,1,0}     32    0
123  1389    71    72  0.385807  {1,0,0}     29    1
119  1403   226   251  0.762628  {0,1,1}     34    1
