map EGL-G1-C
fac 5 10 {0,23,20,108,200}
hosp 1 {0}
n_ALS 9 1 {4:0,1:23,3:20,1:200}
n_BLS 23 1 {6:0,2:23,4:20,8:108,3:200}
n_CLS 10 0 {2:23,3:20,1:108,4:200}
      c_m  head  tail      c_af      c_d  c_tau  c_h
126     7    39    40  0.401505  {0,2,0}     34    1
24     51   144   145  0.231543  {0,2,0}     31    0
107    56   137   138  0.593007  {0,0,1}     31    0
109    75    79    80  0.313900  {1,2,0}     30    1
69    105   176   180  0.137614  {0,2,0}     23    0
100   117    26    28  0.995892  {0,3,0}     21    0
86    199   100   111  0.732237  {0,1,0}     24    0
70    214    66    68  0.518343  {1,0,0}     36    1
123   232    96   111  0.956021  {0,1,1}     39    0
120   232    54    58  0.343700  {0,2,0}     29    0
60    240   107   108  0.701762  {1,0,0}     38    1
81    286     1    12  0.622354  {0,3,0}     23    0
122   287    14    15  0.623990  {1,1,0}     22    1
14    354   129   136  0.573455  {0,3,0}     37    1
104   385   216   217  0.214385  {0,1,0}     30    0
47    430     7     8  0.409193  {0,1,0}     36    1
119   465    83    85  0.374102  {0,1,1}     24    1
32    485    66    68  0.081734  {0,3,0}     40    1
103   500   130   131  0.777600  {0,1,0}     31    1
49    503   223   224  0.075162  {0,1,0}     25    0
40    506   127   128  0.606257  {0,1,0}     24    1
85    511    70    72  0.801566  {0,2,0}     34    1
34    513     9    10  0.556806  {1,0,0}     20    1
29    513    90    95  0.169512  {0,2,0}     39    0
59    523    80    81  0.188414  {1,0,0}     23    1
66    523   237   240  0.773153  {0,3,0}     25    1
68    525   144   147  0.571880  {1,1,0}     33    1
77    525   179   180  0.659453  {1,1,0}     25    1
117   528   195   196  0.684929  {1,0,0}     40    1
102   544    16    17  0.469902  {1,0,0}     20    1
75    570   105   107  0.887162  {0,1,0}     27    0
113   572   207   208  0.762633  {0,2,0}     35    0
112   606   127   128  0.393139  {0,1,0}     21    1
10    607    61    62  0.910552  {0,0,1}     24    0
108   619   211   213  0.985590  {0,2,0}     24    0
28    625    22    24  0.117610  {0,1,0}     24    1
42    628    12    13  0.766199  {0,3,0}     30    1
114   646   147   148  0.597607  {1,0,0}     30    1
76    666   144   145  0.938712  {0,1,0}     22    0
71    670   125   126  0.402402  {0,3,0}     35    1
11    678   189   190  0.632520  {1,1,0}     31    1
116   687   161   162  0.333968  {0,1,0}     23    1
105   689   124   125  0.808330  {0,2,0}     25    1
98    694    26    28  0.518925  {1,0,0}     22    0
64    696   170   171  0.252932  {0,1,0}     34    1
44    715    61    62  0.523154  {1,0,0}     36    1
89    715   128   137  0.135861  {0,1,0}     39    1
50    718   203   210  0.372855  {1,1,0}     36    1
52    728   103   113  0.752878  {0,2,0}     29    1
99    739   179   180  0.057645  {0,3,0}     21    0
17    740   116   117  0.911446  {0,1,0}     26    1
26    751   147   148  0.154566  {0,2,0}     24    0
25    774    94    95  0.876701  {0,1,1}     36    0
83    793   186   187  0.289706  {0,2,0}     27    0
48    807    81    84  0.866325  {0,1,0}     27    1
7     816   195   197  0.679425  {0,3,0}     27    1
111   825    31    32  0.348891  {1,0,0}     23    1
58    834   191   194  0.452498  {0,1,1}     23    0
51    837   160   163  0.227792  {1,1,0}     28    1
87    837    69    70  0.079763  {0,2,0}     33    0
110   838   189   241  0.806542  {0,1,0}     20    1
5     840   163   168  0.701128  {0,3,0}     30    0
0     841   186   187  0.020796  {1,1,0}     31    1
12    842   207   209  0.579578  {0,1,0}     23    0
21    852    12    16  0.335597  {0,3,0}     35    0
41    869   163   168  0.915465  {0,1,0}     24    0
82    869   104   106  0.919761  {0,1,0}     25    1
56    873    10    41  0.638682  {0,2,0}     38    1
61    879    42    43  0.257043  {0,3,0}     34    0
1     882   222   223  0.423534  {1,1,0}     25    1
96    889   130   131  0.426562  {0,1,1}     21    1
9     906    91    92  0.509845  {1,0,0}     25    1
97    916    98   131  0.816530  {0,2,0}     22    1
127   918   156   162  0.200334  {0,2,0}     30    1
53    926   131   132  0.112844  {0,3,0}     34    1
62    933   106   108  0.835814  {0,1,0}     35    1
38    935    30    33  0.296120  {1,1,0}     32    1
3     947     5     6  0.993052  {0,1,0}     40    1
67    955    31    32  0.939284  {0,2,0}     29    1
43    974     3    23  0.258597  {1,1,0}     32    1
78    976   121   122  0.644604  {1,1,0}     20    1
4     978   151   154  0.037837  {0,1,1}     30    1
125   997   161   162  0.502816  {0,3,0}     38    1
115  1015   242   245  0.509944  {0,2,0}     28    0
39   1025    73    74  0.065588  {1,2,0}     28    1
124  1044    27    28  0.009918  {0,2,0}     31    1
54   1069   170   171  0.574720  {1,0,0}     22    1
121  1079   212   243  0.663977  {0,3,0}     22    1
2    1080   194   195  0.083418  {0,1,0}     21    0
20   1099    68    69  0.943173  {0,2,0}     30    1
30   1102    47    48  0.776130  {0,3,0}     34    0
90   1121   102   110  0.962406  {0,2,0}     31    1
18   1123   196   203  0.136389  {0,1,0}     26    0
36   1123    35    36  0.890360  {1,1,0}     32    0
45   1125    23   149  0.553991  {0,2,0}     24    1
79   1131    29    31  0.173026  {0,3,0}     23    1
23   1146   203   210  0.994637  {0,2,0}     35    1
31   1155   131   132  0.036556  {1,1,0}     29    1
95   1165   101   102  0.997355  {0,2,0}     34    0
55   1167   120   121  0.128666  {1,1,0}     22    0
16   1170   190   192  0.343624  {0,1,0}     40    0
13   1173   240   241  0.994390  {0,0,1}     26    1
94   1175   116   120  0.877827  {1,1,0}     20    1
37   1188    35    36  0.399277  {0,1,0}     36    1
33   1189   127   128  0.439350  {1,1,0}     33    1
93   1195   232   234  0.322502  {0,2,0}     27    1
8    1198    35    36  0.046002  {0,3,0}     40    1
63   1207     2     3  0.270199  {0,2,0}     35    1
19   1208   207   209  0.225701  {0,2,0}     28    1
84   1213   193   194  0.365923  {0,3,0}     37    1
22   1227   191   194  0.373441  {0,2,0}     40    1
88   1235   101   110  0.130332  {0,2,0}     37    1
35   1240    95    97  0.689536  {0,3,0}     26    1
6    1255   180   181  0.980691  {0,2,0}     30    0
72   1260    69    70  0.901789  {0,1,1}     37    0
57   1273   121   123  0.425206  {0,2,0}     22    1
92   1293    55    56  0.883059  {0,1,0}     38    0
101  1298   153   157  0.912446  {0,1,0}     33    1
118  1307   101   102  0.085736  {0,3,0}     34    0
73   1336    51    52  0.930816  {1,0,0}     24    1
80   1339   108   109  0.859589  {0,1,0}     38    0
15   1350    58    59  0.786929  {0,1,0}     30    0
106  1354   154   155  0.163436  {0,2,0}     34    0
65   1363   184   185  0.406569  {0,1,0}     34    1
91   1368   124   151  0.895729  {0,3,0}     20    0
74   1369   100   111  0.892414  {0,2,0}     28    0
27   1412   141   142  0.216650  {0,2,0}     23    0
46   1424   110   113  0.109624  {1,0,0}     34    1
