map EGL-G2-E
fac 5 10 {0,7,207,2,138}
hosp 3 {0,205,217}
n_ALS 6 1 {4:2,2:138}
n_BLS 15 1 {6:0,6:7,2:2,1:138}
n_CLS 9 0 {2:0,2:7,1:207,1:2,3:138}
      c_m  head  tail      c_af      c_d  c_tau  c_h
57      0    45    64  0.545591  {0,2,0}     36    0
86      3   129   130  0.198172  {0,2,0}     23    0
107    51   140   142  0.798933  {0,2,0}     20    1
5      67   226   227  0.963687  {1,1,0}     39    1
100    71    39    73  0.497003  {0,1,0}     29    1
122   107    61    65  0.556617  {0,2,0}     27    0
2     152   178   179  0.087782  {1,0,0}     32    1
51    159    43    46  0.011218  {0,1,1}     23    1
23    165   153   154  0.778564  {1,0,0}     37    1
92    186   208   209  0.395830  {0,1,1}     20    1
63    216    31    32  0.891080  {1,1,0}     22    1
110   219    78    82  0.228158  {0,3,0}     38    1
47    257    18    19  0.049058  {1,1,0}     37    1
124   319   250   251  0.398706  {0,2,0}     39    0
33    331   141   150  0.853385  {1,1,0}     30    1
99    414    39    73  0.087224  {0,1,0}     30    0
43    422   194   242  0.572169  {0,3,0}     39    1
24    424    30    33  0.101692  {0,1,0}     27    1
54    427     9    34  0.914360  {1,0,0}     20    1
19    439   178   179  0.012927  {0,3,0}     30    0
72    439   222   223  0.409695  {0,3,0}     23    1
29    443    79    80  0.857483  {0,1,0}     31    1
94    446   179   183  0.244603  {0,0,1}     35    1
111   446    30    33  0.143876  {0,3,0}     25    0
89    454   151   153  0.448856  {0,3,0}     26    1
52    477    47    64  0.254808  {0,2,0}     27    0
104   479    31    32  0.903221  {0,1,0}     39    1
113   483   132   133  0.645126  {0,1,1}     38    0
36    483    72    73  0.634214  {0,2,0}     22    1
96    486   185   187  0.054708  {1,1,0}     22    1
21    499   121   122  0.527613  {0,1,1}     25    0
123   512   106   108  0.294347  {1,1,0}     22    1
115   529    29    30  0.694203  {0,1,0}     23    1
38    530    84    85  0.221564  {0,1,0}     27    1
10    549   130   131  0.132514  {0,3,0}     30    1
62    556   239   243  0.984000  {0,3,0}     30    0
68    578   234   235  0.307359  {0,2,0}     33    0
30    582   170   174  0.543972  {0,3,0}     32    1
117   585   105   107  0.429776  {1,0,0}     21    1
78    590   164   169  0.942552  {0,1,0}     20    0
17    595   166   175  0.374464  {1,1,0}     20    1
71    604   142   143  0.249643  {0,1,0}     37    1
9     617    30    33  0.460593  {0,3,0}     25    1
37    618    65    66  0.683908  {1,0,0}     31    1
127   622   201   203  0.014866  {1,1,0}     38    1
55    630    31    38  0.811849  {1,1,0}     36    1
56    635    84    86  0.292075  {0,1,0}     32    1
60    639     6    27  0.128185  {0,2,0}     23    0
83    641   166   167  0.867377  {0,2,0}     23    1
80    646   242   243  0.251422  {1,0,0}     33    0
105   652   159   160  0.658530  {1,1,0}     22    1
81    655   196   197  0.873580  {1,1,0}     37    1
42    658   227   231  0.151621  {0,2,0}     36    1
119   664    12    13  0.285835  {0,1,0}     26    1
85    673    98   127  0.406257  {0,3,0}     27    1
27    678   162   163  0.073237  {0,3,0}     25    0
82    698   170   174  0.952845  {0,2,0}     28    1
65    703   154   158  0.186404  {0,2,0}     33    1
67    705    61    62  0.702733  {0,2,0}     39    1
4     705   120   162  0.296548  {0,2,0}     39    0
102   719   112   113  0.057566  {1,2,0}     37    1
49    768   155   156  0.726445  {0,2,0}     25    1
106   778   135   147  0.981528  {0,3,0}     39    1
76    781   146   147  0.144623  {1,1,0}     26    1
91    782    67    69  0.425707  {1,1,0}     33    1
95    786   195   196  0.057746  {1,1,0}     33    1
61    790   167   168  0.977002  {0,2,0}     21    1
13    796    79    80  0.183026  {0,2,0}     32    0
66    799    91    96  0.134737  {0,0,1}     38    0
12    811   178   185  0.696462  {0,1,0}     23    1
31    815   174   182  0.570900  {0,2,0}     29    0
126   818   247   248  0.366790  {1,0,0}     35    1
44    824    16    18  0.004224  {0,1,0}     28    1
45    829    30    33  0.558120  {0,2,0}     33    1
25    830    22    24  0.291674  {1,0,0}     38    1
90    840   174   183  0.635545  {0,2,0}     33    1
50    847    58    59  0.254520  {1,0,0}     36    1
8     848   157   163  0.272368  {1,1,0}     34    1
87    849    99   100  0.304908  {0,1,1}     32    1
97    851    91    96  0.941081  {1,0,0}     27    1
32    853    45    64  0.675980  {0,1,1}     36    0
34    857   226   227  0.479326  {0,3,0}     39    1
15    875    63    65  0.513515  {0,1,0}     29    1
101   905   102   103  0.641556  {0,1,0}     38    1
109   906    70    79  0.389492  {0,2,0}     31    1
116   921   161   165  0.519487  {1,0,0}     26    1
118   927   111   114  0.763108  {1,0,0}     36    1
7     938   178   185  0.247336  {1,0,0}     37    1
58    938   213   214  0.925070  {0,1,0}     31    1
120   942    62    63  0.853568  {1,3,0}     25    1
16    963    16    18  0.284052  {0,0,1}     34    1
20    970     7     8  0.985643  {1,1,0}     22    1
14    974     5    23  0.636016  {1,1,0}     26    1
1     985   104   114  0.753926  {0,1,0}     36    1
59    985    74    75  0.686643  {0,3,0}     39    1
35    987    97    98  0.086530  {1,0,0}     30    1
3     999   185   187  0.201530  {1,0,0}     26    1
79   1019   125   152  0.698156  {0,0,1}     27    1
108  1034   155   156  0.163196  {1,0,0}     35    1
70   1035    46    47  0.571333  {0,2,0}     34    1
73   1035     2    14  0.841572  {0,1,0}     27    1
121  1051   178   185  0.981262  {0,0,1}     35    0
22   1053    66    93  0.070780  {0,1,0}     40    0
93   1059   248   249  0.302536  {0,2,0}     29    0
125  1061    29    30  0.166167  {0,2,0}     37    1
103  1064   119   120  0.133688  {1,0,0}     33    1
28   1064   124   125  0.372646  {1,0,0}     30    1
18   1077   163   168  0.626073  {1,1,0}     21    1
74   1081   178   179  0.635840  {1,0,0}     33    1
84   1084     3    23  0.277744  {1,0,0}     25    1
88   1107    26    28  0.009507  {0,1,0}     20    1
0    1112    18    20  0.998792  {0,1,0}     27    0
69   1116   125   126  0.540788  {0,2,0}     30    1
114  1118   239   243  0.200027  {0,2,0}     25    1
39   1132   136   146  0.414913  {0,1,0}     33    1
46   1201   147   148  0.353286  {0,3,0}     25    1
48   1222   228   229  0.596536  {0,3,0}     25    0
77   1248   106   118  0.600082  {1,0,0}     30    1
64   1260    22    24  0.045416  {0,1,0}     20    1
11   1290    90    92  0.929375  {0,1,0}     27    1
98   1312   213   215  0.136259  {0,2,0}     21    1
40   1337     5    26  0.878900  {1,1,0}     37    1
75   1365    56    57  0.637183  {0,1,0}     34    0
53   1368    80    81  0.751282  {0,2,0}     24    1
26   1410   226   227  0.216970  {0,1,1}     36    1
41   1423    92    93  0.150214  {0,3,0}     27    0
6    1429   246   247  0.165200  {1,1,0}     26    1
112  1434    79    80  0.129466  {0,1,0}     30    1
