map EGL-G1-C
fac 5 10 {0,89,147,48,53}
hosp 3 {0,48,228}
n_ALS 5 1 {2:0,1:147,2:48}
n_BLS 18 1 {3:0,2:89,3:147,7:48,3:53}
n_CLS 7 0 {3:0,1:89,1:48,2:53}
      c_m  head  tail      c_af      c_d  c_tau  c_h
35     75   121   123  0.387315  {0,1,0}     26    1
111    89   157   158  0.451535  {0,2,0}     28    0
62     91    98    99  0.542133  {1,1,0}     37    1
95    100   165   174  0.792345  {0,3,0}     25    0
81    102   231   236  0.370551  {0,0,1}     32    1
4     147    70    72  0.161989  {0,1,0}     20    1
12    173   222   225  0.789239  {0,2,0}     31    0
50    228    61    62  0.013976  {1,1,0}     35    1
42    241   126   127  0.151854  {0,2,0}     28    1
11    249    81    82  0.181392  {0,2,0}     36    0
72    251   170   171  0.648966  {0,1,0}     29    0
47    273   121   122  0.312717  {0,2,0}     31    1
61    287   227   228  0.661604  {1,1,0}     20    1
41    304   177   184  0.282871  {0,2,0}     31    0
23    339    69    70  0.141311  {0,2,0}     25    1
29    359   104   106  0.512190  {0,2,0}     26    0
25    368    81    84  0.109832  {0,3,0}     33    1
46    381   131   132  0.884514  {0,1,1}     28    0
73    382    43    44  0.403447  {0,1,1}     29    1
21    389   173   181  0.229705  {1,0,0}     20    1
108   396   151   154  0.288548  {0,1,1}     28    1
90    413    19    25  0.332200  {0,2,0}     31    0
78    420    78    79  0.133898  {0,3,0}     24    1
98    428   100   101  0.274561  {0,3,0}     34    1
39    456     2     3  0.684124  {0,1,0}     36    1
70    501    82    83  0.469566  {0,2,0}     36    0
99    514   175   176  0.078780  {0,1,0}     26    1
37    519   174   175  0.780498  {0,2,0}     35    0
103   530   140   149  0.747933  {1,0,0}     28    1
71    531    35    36  0.536475  {1,0,0}     31    1
74    544   145   146  0.115244  {0,1,0}     26    1
115   545    89    90  0.527438  {0,1,0}     38    0
57    553   207   209  0.213519  {0,1,0}     25    0
14    569   132   134  0.046500  {1,0,0}     20    1
9     570    39    52  0.991318  {1,1,0}     39    1
16    570    47    64  0.132678  {0,3,0}     28    1
59    577    37    74  0.664410  {0,2,0}     26    1
68    586    69    78  0.490629  {0,3,0}     21    0
66    587     7     8  0.435457  {1,1,0}     24    1
43    592   246   247  0.038482  {0,2,0}     39    1
117   592   223   224  0.335551  {0,2,0}     35    1
3     606   184   185  0.808606  {1,1,0}     28    1
92    608    80    81  0.111696  {1,0,0}     28    1
121   639    20    21  0.841743  {1,0,0}     28    1
34    657   242   243  0.358146  {1,1,0}     38    1
80    667   207   209  0.483274  {0,1,0}     20    1
13    673    23    86  0.423181  {1,1,0}     23    0
96    678   114   115  0.780903  {0,0,1}     39    0
110   686    88    96  0.743623  {0,1,1}     21    1
52    687   212   218  0.503336  {0,1,0}     39    0
38    705     6     7  0.704257  {0,1,0}     30    1
24    707   177   178  0.905612  {0,1,1}     40    0
123   708    98   130  0.736871  {0,3,0}     24    1
65    728    10    41  0.071798  {0,1,0}     32    0
56    733   206   207  0.905155  {1,0,0}     40    1
106   736   184   185  0.640402  {0,1,0}     33    0
36    737    95    97  0.899191  {0,3,0}     22    0
22    738   210   211  0.073574  {1,1,0}     30    1
113   739    81    84  0.939002  {1,0,0}     36    1
40    741   165   177  0.529826  {0,2,0}     39    1
58    745   124   125  0.600158  {1,0,0}     40    1
102   758   111   112  0.574819  {1,1,0}     35    1
122   767    80    81  0.610049  {0,2,0}     30    0
64    775     0     1  0.650324  {0,1,0}     31    0
91    779    84   100  0.569115  {0,3,0}     23    0
54    784   136   137  0.150762  {0,2,0}     28    1
63    785   245   246  0.178618  {0,2,0}     25    1
116   808    96   114  0.091793  {1,0,0}     37    1
94    812    75    77  0.972252  {0,1,0}     36    1
45    818   173   181  0.381006  {1,0,0}     23    1
7     821     9    34  0.003641  {0,1,0}     39    1
17    826   161   162  0.952832  {1,1,0}     31    1
119   826    27    30  0.414372  {0,1,1}     26    1
55    838   130   131  0.709165  {0,1,0}     27    1
75    843    14    15  0.070140  {1,1,0}     36    1
126   844    16    17  0.777882  {0,2,0}     21    0
5     868    70    71  0.100701  {0,2,0}     40    1
88    874   132   133  0.809067  {0,3,0}     24    0
105   876   161   162  0.696436  {1,0,0}     27    1
31    877   202   204  0.882255  {0,1,0}     39    0
1     883   107   108  0.783797  {0,1,1}     23    1
101   903    39    72  0.157567  {0,3,0}     38    0
53    913    40    41  0.685425  {0,1,0}     27    1
127   917   171   172  0.241824  {0,3,0}     20    1
100   927   144   145  0.880340  {0,2,0}     29    0
107   930    36    39  0.081337  {0,3,0}     38    0
104   940   146   147  0.525853  {0,1,0}     25    1
33    945   212   243  0.603830  {1,2,0}     27    1
87    950    94    95  0.865360  {1,1,0}     33    0
89    953   142   144  0.437237  {0,2,0}     23    1
32    955    19    20  0.555218  {0,0,1}     20    1
69    956   231   236  0.004897  {0,3,0}     33    0
67    957   244   248  0.091810  {0,2,0}     29    0
79    970   213   216  0.246652  {0,1,0}     21    0
109   976   202   204  0.052640  {0,1,0}     21    1
97    979    47    64  0.705822  {0,2,0}     33    1
82    985   145   146  0.106924  {1,1,0}     29    1
118  1010   115   116  0.862229  {1,1,0}     37    1
125  1010    23   149  0.748190  {1,0,0}     32    1
124  1015   162   166  0.117411  {0,1,0}     21    1
30   1061   155   156  0.507568  {0,2,0}     34    0
0    1067   246   248  0.159964  {0,2,0}     29    1
6    1069     3     4  0.350823  {0,1,1}     27    0
27   1070     3     4  0.987470  {0,2,0}     37    0
19   1080    27    30  0.611391  {0,2,0}     23    1
26   1097   103   113  0.574856  {0,0,1}     35    1
8    1102    14    15  0.849807  {0,2,0}     26    1
10   1112   246   247  0.785842  {0,3,0}     32    1
15   1126     4     5  0.739685  {1,0,0}     31    1
28   1127    69    78  0.436232  {1,0,0}     22    1
86   1147   140   141  0.914247  {1,1,0}     26    1
2    1159   120   154  0.327491  {0,3,0}     26    1
48   1188   123   124  0.795516  {0,1,0}     26    1
51   1191   140   141  0.969866  {0,3,0}     21    1
112  1236     6     7  0.573081  {0,2,0}     22    1
83   1262   244   249  0.407439  {0,1,0}     33    0
84   1265   165   177  0.086703  {0,0,1}     30    0
49   1272   125   149  0.927478  {1,0,0}     35    1
114  1278    68    79  0.040027  {0,3,0}     33    1
85   1288    65    91  0.947830  {0,2,0}     32    0
20   1290    96   111  0.466589  {1,1,0}     38    1
60   1298   144   147  0.562798  {1,1,0}     27    1
120  1315   188   189  0.623030  {0,2,0}     32    0
44   1330   179   180  0.352774  {0,2,0}     32    0
76   1359   115   116  0.998621  {1,1,0}     29    1
93   1364   167   175  0.740648  {0,2,0}     23    0
77   1429   118   119  0.487124  {0,1,0}     28    0
18   1439   210   212  0.715372  {0,1,1}     40    1
