map EGL-G2-E
fac 5 10 {0,39,198,151,132}
hosp 1 {0}
n_ALS 6 1 {2:0,2:39,1:198,1:151}
n_BLS 24 1 {6:0,7:39,2:198,4:151,5:132}
n_CLS 10 0 {2:0,3:151,5:132}
      c_m  head  tail      c_af      c_d  c_tau  c_h
12     99    98   127  0.790214  {0,0,1}     38    0
20    111   137   138  0.088146  {0,1,0}     20    1
109   162   170   171  0.596778  {1,1,0}     23    1
36    239   216   218  0.603618  {0,1,0}     20    0
21    271   156   157  0.344237  {1,0,0}     25    1
119   291    18    19  0.556179  {0,0,1}     35    0
18    322    84    85  0.430284  {0,2,0}     29    1
106   354    12    16  0.139414  {0,2,0}     31    1
40    355   244   253  0.804882  {0,2,0}     38    0
83    378   153   154  0.642230  {1,0,0}     21    1
19    378   203   204  0.545207  {0,2,0}     20    1
45    379   221   222  0.884970  {1,0,0}     33    1
76    396   179   184  0.130322  {1,2,0}     40    0
93    396    16    18  0.721684  {0,2,0}     37    0
102   418   213   214  0.769987  {0,1,0}     26    1
14    428   118   119  0.457842  {0,1,0}     27    1
71    433   167   168  0.056924  {0,2,0}     21    1
104   443   234   239  0.549570  {1,0,0}     37    1
101   448   251   252  0.778839  {0,3,0}     38    1
1     453   151   152  0.921946  {1,1,0}     29    1
92    464   212   213  0.593220  {0,1,0}     32    1
3     507   179   183  0.277790  {0,1,0}     32    1
17    508   201   202  0.064272  {0,1,0}     39    1
58    552   179   184  0.352399  {0,3,0}     20    1
32    553    63    64  0.242793  {1,1,0}     27    1
9     613    48    57  0.324344  {0,1,0}     39    1
121   629    17    19  0.510785  {0,2,0}     28    1
26    638    23    87  0.013619  {1,1,0}     22    1
73    642   201   202  0.882218  {0,2,0}     33    1
0     645   201   202  0.181884  {0,1,1}     25    1
2     651    54    55  0.307347  {0,1,0}     34    1
88    654   225   226  0.441763  {0,1,1}     21    0
89    662   156   157  0.297304  {1,0,0}     21    1
27    669   128   139  0.673718  {1,0,0}     29    1
28    674   152   153  0.356652  {1,0,0}     38    1
75    678   253   254  0.675994  {0,3,0}     28    0
99    679    90    91  0.335112  {0,1,0}     26    0
66    684   142   143  0.483275  {0,1,0}     25    0
8     696   213   214  0.425872  {0,2,0}     24    1
60    699   163   167  0.960261  {1,0,0}     38    1
52    711    93    94  0.470040  {0,2,0}     40    1
55    713   135   136  0.940354  {0,1,0}     20    1
77    716    89    90  0.632690  {0,3,0}     23    0
51    720   247   249  0.517517  {1,1,0}     29    1
86    725    76    78  0.956425  {0,2,0}     40    1
81    727   129   130  0.636138  {1,0,0}     35    0
78    728   177   181  0.557616  {0,2,0}     22    0
34    732     4     5  0.977818  {1,1,0}     24    1
54    747    82    83  0.493912  {0,1,0}     24    1
53    749   233   235  0.583132  {0,3,0}     24    1
103   753   125   150  0.437074  {1,1,0}     30    1
25    755    69    70  0.742885  {1,1,0}     25    1
29    825   136   137  0.922353  {1,1,0}     33    1
84    827   225   226  0.080125  {0,1,0}     37    0
68    852    35    36  0.225455  {0,0,1}     38    0
62    854    99   131  0.895172  {1,1,0}     21    1
56    855   223   224  0.124900  {1,1,0}     21    1
127   860   105   107  0.825157  {1,1,0}     29    1
80    879   119   120  0.621895  {0,1,0}     39    0
63    885   186   188  0.142014  {0,2,0}     35    0
107   887   199   200  0.628047  {0,0,1}     32    1
65    888   233   254  0.926601  {1,0,0}     34    1
98    898    84    86  0.948059  {0,2,0}     34    1
30    901   205   208  0.230414  {0,1,0}     39    1
43    910   124   125  0.682268  {1,0,0}     21    1
70    917    49    56  0.004164  {0,1,1}     34    1
37    917   244   245  0.014048  {0,1,1}     26    1
48    917   217   219  0.421828  {0,1,0}     38    1
105   928   204   205  0.189401  {0,3,0}     33    0
112   931   240   242  0.364656  {0,1,0}     24    0
110   935   227   233  0.779046  {1,1,0}     30    1
118   937   202   209  0.134973  {1,0,0}     36    1
64    948   113   114  0.433844  {1,1,0}     40    1
124   979   111   114  0.298512  {1,0,0}     21    1
7     983    28    29  0.003209  {0,2,0}     27    1
42    983    42    43  0.793839  {1,1,0}     27    1
113   985    50    51  0.793538  {1,0,0}     40    1
16    989   174   182  0.234653  {1,0,0}     23    1
120   989    16    18  0.506803  {0,1,0}     24    0
115   990   125   126  0.571108  {0,3,0}     24    0
47    991   156   162  0.837051  {0,2,0}     20    0
125   993   164   169  0.563243  {1,0,0}     22    1
41   1014   174   189  0.126247  {1,1,0}     40    1
111  1030     9    34  0.755519  {1,0,0}     26    1
35   1038   130   131  0.361130  {0,1,0}     30    1
49   1050    74    75  0.080769  {1,0,0}     26    1
100  1050   150   151  0.968687  {0,1,0}     21    1
67   1054    89    90  0.772247  {0,3,0}     37    0
59   1057   122   123  0.905090  {0,2,0}     32    1
24   1062   197   199  0.549972  {0,1,0}     39    0
38   1069    29    31  0.460746  {1,0,0}     21    1
122  1076   158   159  0.574027  {1,1,0}     37    1
94   1087    99   100  0.323763  {1,0,0}     28    1
5    1107    10    11  0.550186  {0,1,0}     21    0
33   1108   237   238  0.948293  {0,2,0}     30    1
46   1117   193   194  0.755494  {1,1,0}     20    1
23   1121     2     3  0.607564  {0,1,0}     36    1
22   1135   133   135  0.011054  {0,2,0}     35    1
31   1139   116   117  0.404937  {0,2,0}     31    1
50   1141   221   222  0.068085  {0,2,0}     39    1
61   1144   175   176  0.597723  {0,0,1}     26    1
57   1149   154   158  0.811334  {1,1,0}     36    1
72   1149    46    47  0.034246  {0,3,0}     22    1
114  1151    28    29  0.954650  {1,0,0}     27    1
82   1154    78    79  0.706060  {0,2,0}     28    1
69   1163     8    33  0.192527  {0,1,1}     23    1
108  1175    23   237  0.435578  {0,1,0}     24    0
123  1193     0    21  0.078517  {0,1,0}     20    1
91   1198   216   218  0.759734  {0,1,1}     40    1
97   1200    50    52  0.054319  {1,1,0}     24    0
85   1204    87    88  0.594205  {0,1,0}     32    1
96   1211    50    53  0.453963  {0,3,0}     32    1
6    1217   199   200  0.536172  {0,2,0}     25    0
15   1229    48    57  0.014292  {0,2,0}     33    0
4    1230   240   242  0.591702  {1,0,0}     31    1
11   1236   122   123  0.003288  {0,2,0}     35    1
44   1250   135   136  0.637216  {0,2,0}     40    1
117  1260     2     3  0.750968  {0,0,1}     40    0
74   1267   210   215  0.676068  {1,1,0}     33    0
10   1268    95    99  0.998637  {1,1,0}     30    1
126  1280    16    17  0.712786  {1,0,0}     40    1
87   1285    74    75  0.809038  {1,3,0}     26    1
90   1311    53    55  0.620568  {0,3,0}     38    0
95   1311    31    32  0.264910  {0,1,1}     33    1
39   1333    30    33  0.882131  {0,2,0}     39    1
79   1333   196   197  0.499111  {1,1,0}     20    1
13   1334    61    62  0.736858  {1,1,0}     25    0
116  1399   233   254  0.009747  {0,2,0}     24    1
