map EGL-G1-B
fac 5 10 {0,143,169,111,41}
hosp 3 {0,135,43}
n_ALS 7 1 {2:0,1:143,2:169,2:111}
n_BLS 15 1 {4:0,4:143,2:169,4:111,1:41}
n_CLS 10 0 {1:0,3:143,4:169,1:111,1:41}
      c_m  head  tail      c_af      c_d  c_tau  c_h
53     41   123   124  0.994569  {1,0,0}     28    1
8      52    18    19  0.515708  {0,1,0}     34    1
121    93   237   240  0.042310  {0,3,0}     35    1
82     98   102   103  0.167299  {0,2,0}     33    1
66    175    17    19  0.702088  {1,1,0}     33    1
24    204   130   131  0.586081  {0,3,0}     39    0
14    240    48    49  0.887332  {1,1,0}     26    1
117   242    43    46  0.562877  {0,1,0}     22    1
16    248   170   171  0.115208  {0,3,0}     30    0
81    295   185   186  0.739144  {0,1,0}     25    0
49    329    93    94  0.495829  {0,2,0}     38    0
65    332   157   158  0.292955  {1,1,0}     38    1
92    367   126   127  0.709642  {1,1,0}     23    1
31    405    39    72  0.846764  {1,0,0}     33    1
127   421    86    87  0.097088  {0,2,0}     22    0
35    459    98    99  0.147391  {0,1,0}     28    1
45    461    71    72  0.176485  {0,2,0}     40    1
86    466    10    11  0.993791  {0,2,0}     24    1
120   487    96   114  0.095949  {0,1,0}     33    0
23    487   112   114  0.426853  {0,2,0}     28    1
99    528   244   245  0.257350  {0,1,0}     21    1
41    529    58    59  0.254697  {1,1,0}     39    1
2     553   177   178  0.338327  {1,0,0}     30    1
43    594    45    46  0.127729  {0,3,0}     25    1
58    611    97   126  0.588888  {0,1,0}     28    0
26    614   156   160  0.584339  {0,0,1}     28    0
18    623     5    26  0.264006  {0,1,0}     21    0
103   627   165   177  0.222734  {1,1,0}     38    1
7     630    86    87  0.975261  {0,2,0}     28    0
97    635   219   220  0.103362  {0,1,0}     40    1
67    636   124   151  0.327521  {0,0,1}     21    1
87    637   216   217  0.409611  {0,3,0}     27    0
106   653    88    89  0.934328  {0,1,1}     24    1
93    660    46    47  0.679463  {1,1,0}     26    1
109   660   178   183  0.532764  {0,2,0}     40    1
105   663   124   125  0.134955  {1,2,0}     25    1
110   667   165   177  0.261015  {1,0,0}     38    1
123   667    61    62  0.890727  {0,1,0}     27    1
0     683    18    20  0.229957  {0,1,1}     37    0
63    685   244   249  0.501093  {0,0,1}     36    1
101   688   190   192  0.240885  {1,0,0}     34    1
69    700     3    15  0.272977  {1,1,0}     22    1
55    709    73    75  0.170437  {1,1,0}     21    1
62    717    12    16  0.306453  {0,0,1}     24    1
17    729   227   228  0.792640  {1,1,0}     27    1
73    733   103   113  0.984622  {1,0,0}     30    1
78    734   202   203  0.157342  {0,0,1}     33    0
4     743   240   242  0.257462  {0,1,1}     23    0
115   751    32    33  0.884103  {0,1,0}     38    0
54    756     5     6  0.058551  {1,1,0}     21    0
32    757   244   245  0.239819  {0,1,1}     29    0
1     759   112   114  0.628752  {0,2,0}     36    1
90    761   124   125  0.152554  {0,3,0}     33    1
85    763   225   227  0.426528  {0,3,0}     30    1
25    767    27    30  0.032068  {0,2,0}     37    1
10    780    29    31  0.202800  {0,2,0}     37    0
126   789   153   157  0.247045  {1,2,0}     23    1
48    809     3    15  0.307271  {0,1,1}     21    1
52    811   147   148  0.101310  {0,2,0}     39    0
119   815    29    31  0.989787  {0,2,0}     24    1
44    845    24    25  0.711158  {0,2,0}     24    0
27    850    36    37  0.930854  {0,2,0}     24    1
71    868    29    31  0.274052  {0,1,0}     27    0
88    883   191   194  0.260765  {0,2,0}     27    0
20    897   212   243  0.634268  {0,2,0}     21    0
3     903   197   198  0.653887  {0,2,0}     20    1
64    911   225   227  0.419138  {0,2,0}     33    1
89    922   134   135  0.405274  {1,0,0}     38    1
6     923     8     9  0.176528  {0,1,0}     25    0
107   937   186   187  0.956502  {0,0,1}     32    1
59    946   106   107  0.413101  {0,3,0}     26    1
79    952    98   130  0.212464  {0,0,1}     29    1
122   954    32    34  0.237349  {0,1,1}     38    1
34    954    32    33  0.379680  {0,3,0}     31    1
70    962   219   220  0.513537  {1,0,0}     31    1
28    973   228   230  0.244262  {0,2,0}     40    1
113   981   157   159  0.560709  {0,3,0}     20    0
61    990    59    60  0.113572  {0,2,0}     24    0
60    993   104   105  0.579717  {0,1,0}     37    1
124   993    13    14  0.309074  {0,2,0}     24    1
46    994    51    52  0.432836  {1,1,0}     35    1
108   996   202   203  0.791483  {0,2,0}     39    1
104   997   171   172  0.531859  {0,1,0}     27    1
15    999   139   140  0.526688  {0,2,0}     36    0
57    999   107   108  0.675224  {1,0,0}     39    1
77   1007    85    86  0.696948  {1,1,0}     21    1
112  1032   115   116  0.758339  {1,0,0}     20    1
84   1040   238   239  0.730831  {0,1,0}     32    1
19   1046   138   139  0.999214  {1,1,0}     32    1
118  1047    91    92  0.130375  {1,1,0}     27    1
9    1052   152   153  0.980088  {0,2,0}     38    1
74   1060     9    10  0.605384  {0,0,1}     37    1
38   1069    38    40  0.001465  {1,0,0}     25    1
83   1070     1    12  0.136864  {0,0,1}     33    1
21   1089    54    58  0.312936  {0,2,0}     25    0
30   1094    39    72  0.294728  {0,1,1}     24    0
36   1094    12    16  0.687425  {0,3,0}     22    0
29   1107    91    92  0.213281  {0,2,0}     23    0
95   1112     9    10  0.557497  {1,1,0}     25    1
51   1123   132   133  0.681604  {0,2,0}     34    1
37   1139    77    81  0.696494  {0,1,0}     29    1
50   1143     3    23  0.947592  {0,2,0}     34    1
72   1166   241   242  0.911970  {1,0,0}     26    1
47   1172   195   197  0.796185  {0,1,0}     28    0
100  1175    88    89  0.253134  {0,1,0}     21    1
56   1190   185   186  0.492148  {0,1,0}     33    0
98   1199   100   101  0.170354  {0,3,0}     34    0
12   1207   213   216  0.016529  {1,1,0}     22    1
22   1239   161   162  0.516361  {0,0,1}     37    1
11   1261   232   234  0.132064  {0,1,0}     29    1
68   1273   144   147  0.140320  {1,1,0}     29    1
111  1273   173   181  0.933782  {1,1,0}     30    1
91   1288    23    86  0.121913  {0,1,0}     31    0
114  1291   103   113  0.812625  {1,1,0}     40    1
96   1299    54    58  0.644126  {0,1,0}     37    1
42   1306   191   194  0.867227  {0,3,0}     33    0
125  1312    69    70  0.267254  {0,1,1}     26    0
33   1313    77    78  0.122877  {1,2,0}     28    1
94   1315    37    74  0.165152  {0,1,0}     38    1
40   1319    65    91  0.268373  {0,1,0}     36    1
39   1344   100   111  0.174765  {0,3,0}     21    1
116  1358    16    17  0.098994  {0,1,0}     22    1
102  1362    17    22  0.682992  {0,2,0}     22    1
80   1372   156   162  0.707887  {0,1,0}     22    1
5    1381   139   141  0.634834  {0,1,0}     26    1
75   1395   228   229  0.580776  {0,0,1}     38    1
76   1409    48    57  0.669165  {0,2,0}     28    1
13   1435   206   207  0.419754  {0,1,0}     27    1
