map EGL-G1-B
fac 5 10 {0,50,177,154,169}
hosp 3 {0,47,100}
n_ALS 7 1 {2:0,1:50,4:169}
n_BLS 17 1 {1:0,5:50,2:177,3:154,6:169}
n_CLS 5 0 {2:0,1:50,2:177}
      c_m  head  tail      c_af      c_d  c_tau  c_h
59      5   226   227  0.887611  {0,1,1}     37    1
35      6   180   181  0.783117  {1,1,0}     31    1
76    154   191   194  0.601797  {0,2,0}     33    0
52    224   123   124  0.124854  {0,1,0}     33    1
106   244     3    23  0.014320  {1,0,0}     31    1
2     267   127   138  0.642716  {1,0,0}     35    1
82    311   195   197  0.814142  {0,2,0}     37    0
14    329    16    18  0.793055  {0,1,1}     29    0
28    348    23   149  0.500334  {0,3,0}     26    1
9     366   100   101  0.527046  {0,2,0}     38    1
61    411   176   179  0.203011  {0,1,0}     22    1
107   420   222   223  0.040134  {0,1,0}     34    1
77    433   134   146  0.172415  {0,3,0}     26    0
27    456   170   171  0.541180  {0,2,0}     21    1
108   470    46    47  0.590777  {0,1,1}     33    1
0     481   155   156  0.289609  {0,2,0}     21    0
112   481    17    19  0.523167  {0,1,0}     25    0
49    483    18    19  0.977764  {0,2,0}     29    0
109   485   199   202  0.947332  {0,2,0}     32    0
50    511   219   220  0.862281  {0,1,0}     20    0
98    534    98   131  0.367992  {0,1,1}     38    1
118   540    93    94  0.173658  {1,1,0}     27    1
60    544    91    92  0.778995  {0,0,1}     24    1
123   573    35    36  0.218018  {0,2,0}     38    1
10    574   100   101  0.740831  {0,2,0}     24    1
104   581    90    91  0.080094  {1,0,0}     30    1
46    582   237   238  0.512600  {0,2,0}     39    1
3     584   154   155  0.166483  {0,1,0}     29    1
92    589    81    82  0.660871  {0,1,0}     20    1
44    589   174   176  0.936572  {0,2,0}     31    1
31    613   203   210  0.926093  {0,1,0}     28    1
126   613    90    95  0.300348  {0,2,0}     38    0
71    641   186   187  0.530976  {1,0,0}     37    1
74    643    73    75  0.511963  {0,3,0}     40    0
125   661    81    82  0.629327  {0,1,0}     27    1
94    666   123   124  0.455218  {0,1,1}     32    0
103   673   174   175  0.438561  {0,2,0}     30    0
63    680    39    72  0.407075  {0,3,0}     20    1
96    684    60    67  0.557205  {0,2,0}     37    0
38    685    65    91  0.496205  {0,3,0}     21    0
13    687   150   152  0.821565  {0,1,1}     20    1
75    704   196   203  0.196754  {1,0,0}     24    0
62    706    77    81  0.583512  {0,2,0}     28    0
121   707    47    48  0.235003  {1,0,0}     39    1
42    713   245   246  0.067762  {1,0,0}     36    1
22    724    45    46  0.865158  {0,2,0}     38    1
69    726   244   249  0.344728  {1,0,0}     26    1
56    741    98   131  0.821206  {0,2,0}     35    0
5     746     0     1  0.314355  {0,1,0}     23    1
30    760    48    57  0.575156  {1,0,0}     28    1
55    768    92    93  0.264363  {0,1,0}     23    1
51    770   144   145  0.540112  {0,1,0}     29    1
68    772   193   194  0.308879  {1,0,0}     34    1
37    785    18    20  0.258931  {0,1,0}     32    1
21    800   145   146  0.988216  {1,0,0}     20    1
84    802    61    62  0.125139  {1,0,0}     37    1
19    812   104   106  0.999120  {0,1,0}     33    1
1     827   107   108  0.647291  {0,2,0}     25    1
72    830    12    16  0.962356  {1,1,0}     25    1
79    852     3    23  0.596576  {0,1,0}     32    1
41    857   120   121  0.183442  {0,2,0}     31    1
18    859   212   243  0.009843  {0,1,0}     23    1
54    863   246   247  0.281199  {0,1,1}     34    1
90    871   178   182  0.662569  {0,1,0}     25    0
120   874   140   141  0.127309  {1,1,0}     29    1
127   880    48    57  0.509606  {0,1,0}     27    1
78    881   108   109  0.638084  {0,1,0}     38    1
12    895    29    30  0.363289  {1,0,0}     34    1
101   895   240   242  0.906691  {1,0,0}     31    1
8     906    47    64  0.895034  {1,0,0}     39    1
7     910   176   179  0.709260  {1,1,0}     29    1
36    910    31    38  0.505604  {0,2,0}     28    1
65    927   169   173  0.815250  {0,3,0}     38    0
43    933   244   248  0.616048  {0,3,0}     40    1
91    948    94    98  0.645098  {0,2,0}     24    0
34    961   153   157  0.035743  {1,0,0}     34    1
53    971   129   130  0.615585  {0,0,1}     24    0
29    983   144   145  0.190290  {1,0,0}     33    1
17    987   126   127  0.730779  {0,1,0}     34    0
99    988    86    87  0.196149  {0,1,1}     29    0
87    989     8    33  0.453812  {0,1,1}     39    1
70    991    23    86  0.825239  {0,3,0}     23    1
15    994   216   217  0.608086  {0,1,0}     27    1
48    996   228   230  0.685956  {1,1,0}     26    1
88    999    23   229  0.382821  {0,1,1}     28    0
116  1004   190   191  0.566186  {0,2,0}     36    1
100  1016    20    21  0.892891  {0,3,0}     23    1
24   1016    53    54  0.991346  {1,0,0}     36    1
40   1024    18    20  0.377888  {0,1,0}     29    0
67   1026    51    52  0.828871  {0,1,0}     40    0
58   1026   228   230  0.059666  {0,3,0}     29    1
33   1054    83    84  0.391467  {1,1,0}     37    1
93   1061    23   170  0.378093  {0,1,1}     28    0
39   1062   196   197  0.893065  {0,0,1}     33    0
26   1074   162   166  0.618931  {0,1,0}     33    1
114  1079     3    15  0.399244  {1,1,0}     33    1
45   1080   169   173  0.129113  {0,2,0}     37    1
113  1087   167   175  0.562400  {0,0,1}     31    1
47   1089   195   196  0.331708  {0,3,0}     27    1
32   1107   227   228  0.301008  {1,0,0}     24    1
6    1107   199   202  0.307702  {0,1,1}     21    1
117  1131   238   239  0.915000  {0,2,0}     38    1
86   1139    45    46  0.400824  {0,2,0}     23    1
64   1144    92    93  0.628640  {0,1,0}     25    1
122  1156   232   233  0.288804  {0,1,0}     28    1
11   1190     6     7  0.535641  {0,1,0}     38    0
4    1192   120   121  0.998292  {0,3,0}     22    1
23   1197   140   149  0.913490  {1,0,0}     37    1
16   1197   160   163  0.628162  {0,3,0}     32    1
110  1222   170   171  0.159832  {0,1,0}     21    1
83   1225    70    71  0.449718  {1,0,0}     27    1
73   1227   222   225  0.585282  {1,1,0}     32    1
97   1232   132   133  0.554025  {0,1,0}     35    0
85   1258   166   167  0.930714  {0,0,1}     25    0
81   1270    47    48  0.017456  {0,2,0}     35    1
111  1270    53    54  0.928412  {1,1,0}     38    1
95   1289   238   240  0.122974  {0,1,0}     35    1
57   1312   100   111  0.878534  {0,1,1}     23    0
66   1319     6     7  0.983514  {0,1,1}     37    0
20   1343    68    69  0.552524  {1,1,0}     29    1
105  1346   189   190  0.130668  {1,3,0}     20    1
89   1354   129   130  0.007756  {0,1,0}     31    0
25   1359   119   169  0.195039  {0,3,0}     27    1
80   1361   121   122  0.637133  {0,1,0}     24    0
119  1382   116   120  0.448425  {0,3,0}     28    0
102  1388    83    84  0.367600  {0,3,0}     23    1
115  1414    10    41  0.034544  {0,0,1}     26    0
124  1438    93    94  0.384610  {0,2,0}     28    1
