map EGL-G2-C
fac 5 10 {0,206,32,153,93}
hosp 3 {0,8,78}
n_ALS 5 1 {3:0,1:206,1:153}
n_BLS 24 1 {6:0,4:206,7:32,3:153,4:93}
n_CLS 8 0 {1:0,2:206,1:153,4:93}
      c_m  head  tail      c_af      c_d  c_tau  c_h
86      4   223   224  0.998771  {0,1,0}     32    1
13     18    60    68  0.269967  {0,0,1}     27    1
31     38   155   156  0.914486  {0,1,0}     34    0
46     54    35    36  0.699099  {0,1,0}     23    0
115    67    93    94  0.087379  {0,1,0}     28    1
67     70    55    56  0.440808  {0,3,0}     40    1
82     74   162   163  0.860020  {0,1,0}     24    1
52    110     3     4  0.840790  {0,2,0}     25    1
19    141   210   211  0.154134  {1,1,0}     27    1
14    190   251   254  0.762629  {0,3,0}     37    1
76    207   148   149  0.874253  {1,1,0}     31    1
112   264     0     1  0.657467  {0,1,1}     33    1
97    309   249   252  0.957772  {1,1,0}     34    1
29    374    29    30  0.230712  {1,1,0}     30    1
122   380     9    10  0.085680  {1,1,0}     33    1
94    392   106   108  0.530450  {1,1,0}     30    1
81    437    54    58  0.669277  {0,2,0}     29    1
125   438   218   225  0.383545  {0,3,0}     39    0
6     446    89    90  0.129493  {0,3,0}     23    1
16    464   176   177  0.826173  {0,1,0}     39    0
40    480   102   103  0.262186  {0,3,0}     20    0
89    491    82    85  0.027800  {0,0,1}     40    1
1     496   242   243  0.954403  {0,0,1}     37    1
107   535   156   157  0.921722  {0,1,0}     32    1
123   538   223   224  0.887594  {0,2,0}     38    0
44    539    10    11  0.670597  {1,2,0}     36    1
27    546    24    25  0.696732  {0,1,0}     40    0
26    571     8     9  0.097691  {0,1,0}     31    0
117   590    24    25  0.122347  {1,0,0}     33    1
4     596    32    33  0.143285  {1,0,0}     32    1
126   633     9    10  0.216353  {0,1,0}     20    0
11    633   122   124  0.538863  {0,3,0}     27    1
104   637   247   248  0.951790  {0,1,1}     23    1
8     638    38    40  0.145113  {0,2,0}     28    1
37    642   247   249  0.153945  {1,1,0}     34    1
116   644   237   238  0.403009  {1,0,0}     33    0
62    648    26    28  0.258068  {0,1,0}     24    1
96    648    81    89  0.984485  {0,2,0}     25    1
118   660    12    13  0.861942  {1,0,0}     25    1
77    671    95    99  0.041619  {0,1,0}     31    0
32    673    47    64  0.787668  {0,0,1}     22    0
108   677   130   131  0.455218  {0,3,0}     40    0
39    684   175   177  0.040020  {1,1,0}     29    1
56    689    38    40  0.065305  {0,1,1}     29    0
68    696     6     7  0.194916  {0,0,1}     40    1
75    700     9    10  0.757988  {0,3,0}     36    1
71    704   225   226  0.224491  {0,2,0}     36    1
54    704   132   133  0.221002  {0,1,0}     33    0
43    714   164   169  0.356735  {1,1,0}     26    1
83    717   227   233  0.526322  {0,1,1}     32    0
91    718    56    57  0.590746  {0,2,0}     20    1
70    719     9    10  0.204583  {1,1,0}     24    1
28    725   146   147  0.938753  {0,2,0}     21    1
119   738     8     9  0.783450  {0,1,0}     21    1
111   752   178   185  0.797236  {0,0,1}     29    0
58    759   136   137  0.457948  {0,0,1}     30    1
21    765    36    37  0.635227  {1,0,0}     29    1
55    781   119   120  0.867849  {1,1,0}     30    1
20    798    80    81  0.340346  {1,1,0}     39    1
38    809    18    20  0.983338  {0,2,0}     31    0
69    814    40    41  0.513412  {0,1,0}     23    1
10    816   209   216  0.830824  {1,0,0}     26    1
65    825   204   206  0.248510  {0,1,0}     24    0
42    825    69    70  0.733881  {0,2,0}     40    0
22    835    66    92  0.357748  {1,1,0}     23    1
24    842   115   116  0.208304  {0,3,0}     36    0
95    870   150   151  0.543657  {1,0,0}     21    1
15    888   208   209  0.696655  {0,1,1}     36    1
101   894   227   231  0.545921  {0,1,0}     23    0
18    898    84    85  0.830633  {0,1,0}     35    1
85    903   227   229  0.190045  {0,3,0}     39    1
12    906     5    26  0.821756  {1,1,0}     21    0
3     910   201   203  0.390961  {0,1,0}     39    0
61    936   184   185  0.256530  {0,1,0}     25    1
109   944   120   162  0.986894  {0,2,0}     28    0
41    950    76    78  0.887777  {1,1,0}     34    1
99    954    26    28  0.898772  {0,0,1}     20    0
113   962    19    20  0.405303  {0,2,0}     23    0
48    964   240   242  0.435804  {0,1,0}     25    1
66    966   117   121  0.168246  {0,2,0}     33    1
49    969   222   223  0.432162  {0,1,1}     35    1
124   971   217   218  0.295490  {0,2,0}     22    0
7     980   179   180  0.796963  {0,1,0}     24    0
79    983     1    12  0.891733  {0,3,0}     27    1
80    985    12    16  0.252946  {0,1,1}     40    1
59    988   154   157  0.996773  {0,1,1}     39    1
90    997    93    94  0.874799  {0,2,0}     20    0
73    998    57    61  0.380406  {0,2,0}     28    1
92   1021    45    64  0.395999  {1,0,0}     23    1
53   1032     2    14  0.110721  {0,1,0}     40    1
120  1047   195   248  0.121755  {0,2,0}     40    1
17   1048   236   237  0.545598  {1,0,0}     24    1
88   1058   145   146  0.876306  {0,3,0}     26    1
87   1060   157   161  0.149818  {1,1,0}     24    1
23   1062    68    69  0.617594  {0,2,0}     37    0
60   1066    54    55  0.992440  {0,2,0}     20    0
50   1080   117   121  0.165157  {1,0,0}     34    1
74   1082    19    25  0.646215  {0,1,0}     39    1
102  1083   102   103  0.389214  {0,3,0}     31    0
9    1088    45    64  0.584037  {0,2,0}     34    1
121  1104    97   115  0.846132  {0,1,0}     33    1
114  1105   166   178  0.321060  {1,1,0}     32    1
47   1113   126   150  0.063369  {1,1,0}     39    1
45   1144    20    21  0.227645  {0,3,0}     39    0
103  1146    63    65  0.713886  {0,2,0}     25    1
34   1149    45    64  0.262228  {0,1,0}     40    0
127  1163   117   118  0.667479  {0,1,0}     34    0
84   1171   146   147  0.236730  {0,1,0}     32    0
2    1177   247   248  0.809193  {1,1,0}     23    1
63   1195   157   163  0.675197  {1,1,0}     30    0
51   1200   102   111  0.677439  {0,2,0}     26    0
30   1211    89    90  0.315289  {0,1,0}     22    1
110  1232   194   242  0.302895  {1,1,0}     22    1
5    1238    55    56  0.784061  {1,3,0}     28    1
100  1283   218   225  0.513509  {0,1,0}     34    0
78   1285   220   221  0.394594  {0,2,0}     29    0
35   1301    23   171  0.161545  {0,2,0}     40    1
72   1323    23   171  0.495027  {0,1,0}     20    0
33   1331   228   230  0.466187  {0,2,0}     30    1
57   1331   137   138  0.498274  {0,2,0}     36    1
106  1341    55    56  0.913759  {0,1,0}     40    0
105  1348   139   140  0.355494  {0,3,0}     21    1
93   1366    54    58  0.998006  {0,2,0}     28    1
0    1368   236   238  0.869028  {0,3,0}     35    1
36   1403   219   223  0.833693  {0,2,0}     31    0
25   1405   113   114  0.006913  {1,1,0}     39    1
64   1414   249   250  0.249708  {0,1,1}     38    1
98   1418    96    98  0.194477  {0,2,0}     20    1
