map EGL-G1-A
fac 5 10 {0,178,147,237,58}
hosp 3 {0,216,50}
n_ALS 10 1 {2:0,1:178,3:147,1:237,3:58}
n_BLS 24 1 {8:0,3:178,7:147,3:237,3:58}
n_CLS 6 0 {2:178,1:237,3:58}
      c_m  head  tail      c_af      c_d  c_tau  c_h
104     1   179   180  0.918116  {0,1,0}     26    1
94      5   105   107  0.145502  {0,2,0}     21    0
14     34    63    64  0.638965  {0,2,0}     23    0
87     69    55    56  0.362456  {0,2,0}     39    1
78     81    36    37  0.219797  {0,1,0}     30    1
109    85   161   162  0.016177  {1,0,0}     20    1
57     92   240   241  0.036195  {0,3,0}     40    0
68     95   228   229  0.579501  {0,1,0}     22    1
127   120    89    91  0.870368  {1,0,0}     36    1
99    132   104   106  0.885065  {0,3,0}     36    0
63    175   136   137  0.130585  {1,1,0}     21    1
118   226   169   170  0.830882  {1,0,0}     30    1
44    226    77    78  0.577052  {0,1,0}     38    1
69    239    50    51  0.080605  {1,0,0}     39    1
19    240    88    89  0.835846  {0,2,0}     22    1
49    246   105   107  0.168289  {0,1,0}     24    0
23    270    43    44  0.341480  {0,1,1}     22    1
24    299    55    56  0.815830  {1,1,0}     22    1
125   310   105   107  0.382172  {1,0,0}     38    1
4     341   142   144  0.789714  {0,3,0}     29    1
10    372   225   227  0.961906  {1,1,0}     26    0
58    385   116   120  0.041473  {0,0,1}     40    1
89    397    19    25  0.808595  {1,1,0}     29    1
5     406   147   148  0.953473  {0,2,0}     38    0
55    411   204   209  0.225124  {0,3,0}     38    0
83    446    12    13  0.907252  {0,3,0}     33    1
43    452   131   132  0.706504  {1,1,0}     27    1
91    473   191   194  0.634478  {0,1,0}     37    1
123   486   135   136  0.034095  {1,1,0}     27    1
30    504   186   187  0.361517  {1,0,0}     33    1
41    517     2    14  0.821591  {0,1,0}     30    1
3     548   158   159  0.859842  {1,0,0}     32    1
80    558    43    45  0.627498  {0,1,1}     29    1
66    586    83    84  0.703373  {0,2,0}     28    1
16    594   124   151  0.616323  {1,0,0}     27    1
81    596   124   125  0.415372  {0,2,0}     29    1
82    600   162   167  0.840984  {1,0,0}     21    1
40    602   155   161  0.682306  {1,0,0}     20    1
1     610   203   210  0.264251  {1,0,0}     31    1
64    622    89    91  0.531114  {0,0,1}     30    0
59    626   144   145  0.345700  {0,1,0}     34    0
29    628    70    72  0.709250  {1,1,0}     33    1
105   629   144   147  0.475616  {0,2,0}     34    0
107   635   198   200  0.702308  {0,1,0}     26    1
95    638   101   110  0.546920  {0,3,0}     29    1
76    639    19    25  0.670232  {0,2,0}     31    1
21    643    39    40  0.409982  {0,1,0}     37    1
96    646   243   244  0.327364  {0,1,0}     29    0
111   647   120   121  0.432860  {0,1,0}     29    0
122   647   178   183  0.632910  {1,0,0}     25    1
119   664   153   157  0.924811  {0,1,0}     21    1
77    671    49    56  0.918418  {0,1,1}     31    0
45    672   180   181  0.806107  {0,2,0}     30    1
117   685   138   139  0.177975  {0,3,0}     33    1
62    692   177   184  0.301600  {0,0,1}     23    1
39    695   170   171  0.389897  {0,1,0}     28    1
60    700   145   146  0.522299  {0,2,0}     30    0
61    713   223   224  0.842236  {1,0,0}     35    1
106   720   231   236  0.581156  {0,0,1}     32    1
22    730   207   209  0.049849  {0,0,1}     38    0
42    732   125   149  0.037644  {1,0,0}     37    1
27    737   244   249  0.629590  {0,1,1}     28    0
28    738   104   105  0.734079  {0,1,0}     35    1
70    753    22    24  0.573016  {0,2,0}     30    0
17    766   134   146  0.473288  {1,0,0}     26    1
120   769   196   203  0.070895  {0,2,0}     36    1
86    769     8     9  0.624766  {0,3,0}     23    0
50    777   203   210  0.552064  {0,3,0}     20    1
35    781   128   129  0.191972  {0,1,0}     27    1
34    788    72    73  0.438777  {1,2,0}     23    1
84    791   219   221  0.259385  {0,1,0}     21    1
112   791    23   229  0.908740  {0,2,0}     34    1
2     798   115   116  0.911736  {0,2,0}     27    0
47    824    11    42  0.450394  {0,2,0}     39    1
90    833   241   242  0.082242  {0,3,0}     36    0
102   834   162   167  0.783383  {0,1,1}     36    0
73    845   220   222  0.025908  {1,1,0}     37    1
11    856   184   185  0.579180  {0,2,0}     29    1
126   864   128   137  0.125856  {0,1,1}     22    0
0     871    95    97  0.782309  {1,0,0}     33    1
110   891    98    99  0.467309  {0,2,0}     24    0
65    899    13    14  0.732441  {0,0,1}     27    1
7     918   189   241  0.112829  {1,1,0}     36    0
115   919    25    26  0.197155  {0,0,1}     29    0
8     923    36    38  0.042615  {1,1,0}     27    1
113   927    49    50  0.064284  {0,3,0}     21    0
124   931   124   149  0.647431  {0,2,0}     23    0
93    942   212   243  0.602735  {0,1,0}     36    1
121   955    66    67  0.325463  {0,2,0}     28    1
101   967   176   180  0.755633  {0,1,0}     20    1
108   985    98   131  0.866649  {0,2,0}     21    1
71    991    23   229  0.661785  {0,1,0}     24    0
48   1002   116   118  0.334427  {0,2,0}     20    1
52   1012    24    26  0.898109  {0,3,0}     35    0
13   1059   204   205  0.574750  {0,1,0}     31    0
72   1062    53    55  0.505651  {0,3,0}     37    1
88   1062   226   227  0.527232  {0,3,0}     40    1
54   1067   222   223  0.086103  {1,1,0}     25    1
37   1069   184   185  0.762623  {0,2,0}     39    0
6    1077   124   151  0.020538  {1,0,0}     33    1
51   1078    65    92  0.230557  {0,2,0}     29    0
32   1087    23   170  0.599482  {0,1,0}     24    0
20   1090     3     4  0.740645  {0,1,1}     26    1
12   1097    28    29  0.727397  {0,1,0}     40    0
114  1102   228   229  0.138759  {0,1,0}     35    1
36   1120   123   124  0.620156  {0,2,0}     26    1
18   1124    75    77  0.164954  {0,0,1}     31    1
74   1134   116   120  0.870919  {0,2,0}     35    1
38   1159    29    30  0.053535  {0,2,0}     37    1
26   1162    88    96  0.998889  {0,2,0}     21    1
46   1166   229   230  0.475795  {0,1,1}     34    1
75   1170     4    22  0.659219  {1,1,0}     39    1
116  1180    81    82  0.092744  {0,1,0}     21    0
97   1190   228   229  0.357149  {1,1,0}     37    1
15   1207    51    52  0.317585  {0,0,1}     40    0
67   1216   125   126  0.317935  {0,3,0}     37    0
33   1217   150   151  0.710672  {0,3,0}     20    0
31   1221    11    42  0.643994  {0,1,0}     22    1
98   1253   104   105  0.996532  {0,1,0}     39    1
100  1275   141   142  0.315803  {0,3,0}     30    1
53   1292   228   230  0.201037  {1,0,0}     25    1
92   1298   165   177  0.674365  {0,2,0}     40    0
79   1300   178   182  0.729177  {0,1,0}     22    0
85   1328    49    56  0.142021  {0,2,0}     22    1
103  1341   151   152  0.850541  {0,1,0}     37    0
25   1351   202   203  0.466835  {0,3,0}     38    0
9    1352   176   179  0.410587  {0,2,0}     26    1
56   1409    36    38  0.660845  {0,1,0}     40    1
