map EGL-G2-D
fac 5 10 {0,59,131,167,22}
hosp 3 {0,73,199}
n_ALS 6 1 {2:0,2:59,2:167}
n_BLS 18 1 {2:0,7:59,3:131,3:167,3:22}
n_CLS 10 0 {1:59,2:131,5:167,2:22}
      c_m  head  tail      c_af      c_d  c_tau  c_h
41     12    99   100  0.800681  {0,2,0}     37    1
104    30    42    43  0.814377  {1,0,0}     33    1
18     46   219   223  0.722425  {0,0,1}     29    1
37     47   113   114  0.770525  {0,1,0}     28    0
55     70    81    89  0.495993  {0,1,0}     25    0
97     72    70    79  0.710553  {1,0,0}     40    1
57     90   159   160  0.301499  {1,0,0}     20    1
119   102    45    64  0.870844  {0,1,0}     22    1
19    154   190   192  0.694538  {0,3,0}     31    0
45    158   237   238  0.957877  {0,3,0}     23    1
82    184    23   237  0.141836  {0,1,0}     34    1
123   244   136   146  0.370330  {0,1,0}     38    1
112   358   228   229  0.946001  {0,2,0}     37    0
53    382    19    25  0.164378  {0,2,0}     38    1
48    389   117   118  0.395866  {1,1,0}     20    1
26    411    99   131  0.000592  {0,3,0}     25    1
4     414   177   181  0.377958  {0,2,0}     32    0
1     445    29    30  0.741592  {0,2,0}     27    0
5     466    68    69  0.598531  {0,1,0}     22    0
13    480   197   199  0.443352  {0,2,0}     23    0
17    488   197   199  0.008986  {1,0,0}     23    1
71    498    79    80  0.623168  {0,1,0}     30    1
98    498    37    75  0.259652  {0,3,0}     39    0
23    509   130   137  0.944202  {0,3,0}     23    0
108   512    45    46  0.836058  {0,2,0}     20    1
67    518    61    65  0.161228  {0,2,0}     38    0
62    522   217   218  0.434391  {1,0,0}     23    1
78    526   223   224  0.405105  {0,2,0}     31    1
83    537   159   160  0.864727  {1,0,0}     20    1
118   537    73    74  0.202494  {0,3,0}     40    0
36    540    66    67  0.963806  {1,1,0}     25    1
111   559    41    51  0.024072  {0,2,0}     24    1
117   561    97   115  0.975858  {1,1,0}     21    1
114   565   234   235  0.568562  {0,1,1}     28    0
80    601    13    14  0.988681  {1,1,0}     22    1
20    606   217   219  0.755367  {0,1,0}     36    0
120   606     1     2  0.271957  {0,0,1}     22    1
33    608   204   205  0.530073  {1,2,0}     33    1
46    612   158   160  0.210889  {0,3,0}     21    1
7     625    22    24  0.956814  {0,3,0}     34    0
61    655   121   155  0.838883  {0,2,0}     22    0
93    657   119   120  0.211249  {1,0,0}     21    1
66    677   104   105  0.103365  {0,1,1}     26    0
96    739    87    88  0.860429  {1,0,0}     36    1
76    741    78    79  0.756427  {0,0,1}     21    1
3     750    29    30  0.475912  {0,2,0}     37    0
56    750   121   122  0.229254  {0,3,0}     27    1
113   755   217   218  0.387940  {1,0,0}     27    1
102   756   247   249  0.109600  {1,0,0}     26    1
86    761   136   146  0.864862  {0,1,0}     28    0
95    761   186   188  0.634426  {0,3,0}     34    1
32    762    22    24  0.762739  {0,1,0}     37    0
68    766   113   115  0.808125  {0,3,0}     24    1
92    776   193   246  0.046750  {0,2,0}     29    1
14    779    67    68  0.774516  {0,3,0}     37    0
28    814    29    30  0.244196  {0,1,0}     20    1
38    830    57    61  0.918759  {1,0,0}     33    1
35    838   193   246  0.093329  {1,0,0}     39    1
116   842   179   180  0.122729  {0,0,1}     33    1
42    846   140   141  0.987315  {0,1,0}     40    1
29    856   190   191  0.577055  {0,1,0}     28    1
121   864   216   217  0.678474  {0,3,0}     25    0
99    869   197   200  0.719147  {0,2,0}     28    0
126   872   210   215  0.214785  {1,0,0}     37    1
6     872     4    22  0.363223  {0,1,1}     34    1
70    873   245   246  0.818977  {0,3,0}     37    1
34    874     2     3  0.390828  {0,2,0}     26    1
74    884   129   138  0.491054  {1,1,0}     31    0
39    886   193   194  0.143230  {0,1,0}     32    1
65    886   199   200  0.825157  {0,3,0}     34    1
105   898    59    72  0.088156  {0,1,0}     30    1
63    909   152   155  0.143999  {0,1,0}     40    0
115   909    31    38  0.127258  {0,2,0}     21    0
16    915   152   153  0.538575  {0,1,0}     20    1
30    917    48    49  0.712368  {0,2,0}     32    1
72    919    59    72  0.498053  {1,0,0}     40    1
75    922   117   119  0.595937  {1,0,0}     27    1
69    937     5    26  0.202299  {0,1,1}     34    0
24    941   154   157  0.076766  {0,1,0}     28    1
50    962   234   235  0.279215  {1,0,0}     22    1
27    968   103   104  0.561800  {0,1,1}     21    1
22    969   152   153  0.984234  {0,3,0}     29    0
2     973   102   111  0.086490  {0,2,0}     38    0
81    978   226   251  0.462092  {0,3,0}     38    0
77    981   162   163  0.673743  {0,1,0}     26    0
21    981   117   121  0.549140  {0,0,1}     28    0
49    982    83    84  0.015014  {0,3,0}     20    1
25    983   137   138  0.137651  {1,1,0}     27    1
85    990    97   112  0.038425  {0,1,0}     35    1
47    992   115   116  0.426220  {1,0,0}     32    1
64    998   101   112  0.201980  {0,2,0}     38    1
8    1006     6    27  0.607087  {0,1,0}     36    0
88   1011   122   124  0.573434  {0,3,0}     23    0
125  1017    97    98  0.367458  {0,1,0}     40    1
54   1018   115   116  0.991117  {0,3,0}     29    0
89   1023   151   153  0.651286  {0,1,0}     31    0
122  1037   103   111  0.613046  {0,3,0}     38    1
44   1062    90    92  0.018062  {0,0,1}     25    1
109  1071   228   230  0.009031  {0,1,0}     39    1
84   1071    70    71  0.737540  {1,0,0}     20    1
0    1092   139   140  0.369444  {0,2,0}     21    0
91   1106    23    87  0.429079  {0,1,0}     27    0
94   1114    63    65  0.571379  {1,0,0}     25    1
12   1115   174   182  0.304177  {0,1,0}     25    1
100  1124   130   131  0.759070  {1,0,0}     28    1
11   1126   226   227  0.524975  {0,2,0}     23    1
43   1132   221   222  0.890072  {0,3,0}     20    1
103  1136    23   237  0.137161  {0,2,0}     27    1
90   1160   158   160  0.336668  {0,0,1}     20    1
124  1164   117   118  0.176015  {0,3,0}     37    1
58   1172   231   232  0.134574  {0,1,0}     38    0
60   1175   164   169  0.460659  {0,2,0}     20    1
107  1177   109   110  0.608122  {1,1,0}     40    1
10   1189    93    94  0.989517  {1,1,0}     38    0
9    1197   151   152  0.041634  {0,2,0}     40    1
51   1206     8    33  0.855364  {1,1,0}     28    1
79   1225    63    64  0.231807  {0,0,1}     29    1
106  1250   137   138  0.202988  {0,1,0}     38    1
110  1251    14    15  0.343814  {0,2,0}     34    1
31   1257    58    59  0.705980  {0,2,0}     29    1
87   1302    76    77  0.681178  {1,1,0}     26    1
59   1311   113   114  0.671772  {0,0,1}     37    1
73   1314    23   171  0.433820  {0,2,0}     33    1
52   1321   252   253  0.703359  {1,1,0}     30    1
101  1337   252   253  0.710739  {0,3,0}     40    1
40   1341    69    70  0.594886  {0,2,0}     35    1
15   1350   158   159  0.060988  {0,2,0}     20    0
127  1372    39    73  0.742824  {0,2,0}     24    1
