map EGL-G1-C
fac 5 10 {0,138,179,70,19}
hosp 1 {0}
n_ALS 9 1 {3:0,2:138,2:179,1:70,1:19}
n_BLS 24 1 {3:0,8:138,4:179,6:70,3:19}
n_CLS 9 0 {3:0,2:179,3:70,1:19}
      c_m  head  tail      c_af      c_d  c_tau  c_h
55     42    59    71  0.831926  {0,2,0}     30    1
106    46    91    92  0.898436  {0,1,0}     23    0
16     84    32    34  0.218343  {1,0,0}     40    1
122    84    42    43  0.735852  {1,0,0}     39    1
71    113   178   183  0.998759  {0,2,0}     22    1
115   122   123   124  0.350938  {0,2,0}     31    1
83    133   164   165  0.985250  {1,1,0}     33    1
78    152    80    81  0.343863  {0,1,0}     34    0
40    191   104   105  0.678958  {0,1,0}     29    0
10    195    60    67  0.015599  {0,1,1}     40    0
5     218   244   249  0.369308  {0,2,0}     36    1
21    229    54    55  0.706787  {1,0,0}     20    1
108   234   244   245  0.934567  {1,1,0}     25    1
123   285    40    41  0.738795  {1,0,0}     37    1
87    290     3    15  0.694330  {0,1,0}     34    1
25    326   116   118  0.567328  {0,2,0}     39    1
86    333     7    30  0.187841  {1,1,0}     29    0
41    353     9    10  0.631902  {0,2,0}     39    0
67    364    96   114  0.586877  {0,3,0}     29    1
82    384    16    18  0.286374  {0,1,0}     34    1
112   400   171   172  0.838598  {1,1,0}     21    1
99    406   124   125  0.529915  {1,1,0}     35    1
119   418   144   145  0.762113  {0,2,0}     36    1
116   437    83    84  0.991762  {1,1,0}     28    1
85    459    34    41  0.071811  {0,1,0}     26    1
27    467   101   110  0.620373  {1,1,0}     32    1
96    483   132   134  0.778859  {0,1,0}     38    1
30    489   244   245  0.886106  {1,0,0}     33    1
125   506    80    81  0.319139  {0,1,0}     27    1
51    524   120   121  0.364530  {1,1,0}     36    1
7     538    63    64  0.544010  {1,0,0}     33    1
120   553    10    41  0.803215  {0,1,0}     36    1
64    560   120   154  0.096756  {1,0,0}     37    1
52    564   170   171  0.181787  {0,2,0}     30    1
59    585   115   122  0.682676  {0,3,0}     32    1
1     592   240   242  0.256838  {0,2,0}     31    1
3     603   219   221  0.630568  {1,1,0}     30    0
2     606    79    80  0.188314  {0,3,0}     25    1
109   612   204   209  0.989318  {0,1,0}     36    1
127   618   234   236  0.452631  {1,2,0}     39    1
43    632   190   191  0.103410  {1,0,0}     30    1
105   639    27    28  0.616430  {0,1,0}     40    1
49    642   122   123  0.777991  {1,0,0}     29    1
93    651    31    32  0.440699  {1,0,0}     37    1
60    657   142   144  0.626057  {0,1,0}     30    0
14    663   154   155  0.892427  {1,0,0}     28    1
61    665   116   118  0.623651  {0,1,0}     34    0
84    700   215   216  0.236052  {0,3,0}     24    1
46    720     3    15  0.628732  {1,2,0}     20    0
50    733   165   166  0.684472  {0,2,0}     40    1
26    742    90    91  0.890644  {0,3,0}     22    1
45    745   169   173  0.566380  {0,1,0}     24    1
124   748    34    41  0.168348  {0,2,0}     31    0
65    755   104   105  0.409538  {0,1,0}     27    1
101   765   102   103  0.989069  {1,1,0}     24    1
54    774   119   169  0.821187  {0,3,0}     40    0
75    793    17    19  0.505832  {0,2,0}     25    1
98    796    41    51  0.140122  {0,2,0}     23    0
95    805   240   242  0.269041  {1,0,0}     30    1
28    826   163   164  0.078579  {0,1,0}     24    1
89    827   175   176  0.366692  {0,2,0}     23    0
57    836   223   224  0.414609  {0,1,0}     27    1
72    841    27    30  0.218104  {0,1,1}     38    0
9     844    68    69  0.162452  {0,3,0}     23    1
6     845   144   145  0.121572  {0,1,1}     32    0
97    849   240   241  0.929390  {0,3,0}     35    0
63    851     9    10  0.896063  {0,1,1}     25    1
77    854   158   160  0.758115  {0,1,0}     23    1
42    858   198   199  0.856332  {0,1,0}     31    0
17    860    71    72  0.167876  {0,1,0}     29    1
88    861   111   112  0.219783  {0,2,0}     20    0
24    861   155   156  0.732321  {1,0,0}     36    1
15    880   216   217  0.852833  {0,2,0}     34    0
111   890   203   210  0.596304  {0,0,1}     31    1
48    901   199   202  0.447288  {0,1,0}     30    1
113   913    86    87  0.640687  {1,0,0}     32    1
68    917    83    84  0.419789  {0,1,0}     40    0
102   917    69    78  0.077033  {0,2,0}     29    0
117   920    70    71  0.585592  {1,1,0}     23    1
94    924   210   211  0.285204  {0,2,0}     26    0
76    932    12    13  0.780490  {1,1,0}     29    1
79    933   158   160  0.126118  {0,2,0}     30    0
11    935   231   232  0.071245  {0,0,1}     28    1
22    946   165   177  0.568936  {0,1,0}     24    1
114   956   116   118  0.829584  {0,1,0}     40    1
80    964    41    51  0.681490  {0,1,0}     39    0
33    965    18    19  0.390667  {0,2,0}     23    1
0     965   121   122  0.716171  {0,2,0}     33    1
53   1010   199   201  0.485168  {1,0,0}     20    1
38   1011   188   189  0.769515  {1,3,0}     20    1
13   1021   244   249  0.183157  {0,1,0}     24    1
8    1029    69    70  0.461336  {0,3,0}     23    0
44   1036    39    40  0.514451  {0,1,1}     24    0
100  1039   140   141  0.274559  {0,3,0}     22    0
66   1046   100   101  0.738647  {0,0,1}     22    0
39   1049    23    86  0.773349  {1,0,0}     36    1
107  1070   116   117  0.452691  {1,0,0}     26    1
91   1070   160   164  0.416792  {0,3,0}     28    1
56   1073   119   161  0.130491  {0,2,0}     25    1
121  1092   111   112  0.434995  {1,0,0}     22    1
74   1098   213   214  0.015390  {1,0,0}     20    1
110  1101     7    30  0.818103  {1,0,0}     35    1
92   1119    23    86  0.098418  {0,2,0}     35    1
4    1147    98   130  0.572660  {0,1,0}     23    1
34   1180    32    34  0.309368  {1,1,0}     34    1
31   1200   189   241  0.981381  {0,3,0}     32    1
58   1201   193   194  0.624033  {0,1,0}     30    0
32   1207    78    79  0.919927  {1,2,0}     36    1
90   1216    54    58  0.233654  {0,1,1}     27    1
47   1235   128   129  0.341584  {0,1,0}     28    0
19   1239   240   241  0.774055  {0,2,0}     34    1
20   1244   161   162  0.881814  {1,0,0}     33    1
81   1249    94    95  0.451516  {0,1,0}     30    1
18   1249   237   238  0.952664  {0,1,0}     33    0
37   1250     8    33  0.739466  {1,1,0}     38    1
126  1261    50    52  0.737815  {0,3,0}     29    1
62   1264     4    22  0.750698  {1,1,0}     39    1
73   1264    13    14  0.099652  {1,0,0}     32    1
36   1294   226   231  0.774683  {1,1,0}     28    1
29   1306    78    79  0.729519  {0,0,1}     22    1
12   1314     1    12  0.559263  {0,1,1}     23    1
69   1346     0     1  0.965401  {1,1,0}     29    1
104  1356   186   187  0.958643  {1,0,0}     24    1
118  1392    38    40  0.831902  {1,1,0}     25    1
23   1400   212   218  0.478115  {0,1,0}     27    0
103  1409    79    80  0.759410  {1,0,0}     29    1
70   1418    17    22  0.677300  {0,3,0}     36    0
35   1439    90    95  0.496865  {0,3,0}     38    0
