map EGL-G1-D
fac 5 10 {0,162,204,243,16}
hosp 3 {0,126,90}
n_ALS 5 1 {1:162,4:204}
n_BLS 23 1 {5:0,5:162,4:204,2:243,7:16}
n_CLS 6 0 {3:0,3:243}
      c_m  head  tail      c_af      c_d  c_tau  c_h
58     11    85    86  0.994995  {0,1,0}     30    1
54     81    17    19  0.956071  {0,1,1}     27    1
24    100   219   221  0.632300  {1,1,0}     28    1
73    116    23   229  0.076167  {0,3,0}     30    0
116   158   191   193  0.166439  {0,2,0}     34    0
27    204   231   232  0.547046  {0,0,1}     23    0
0     245   215   216  0.171135  {1,0,0}     29    1
68    245    88    89  0.973088  {0,2,0}     33    1
23    276    16    18  0.574545  {1,2,0}     21    1
26    283   188   189  0.877780  {1,0,0}     28    0
125   344   228   230  0.921370  {1,1,0}     39    1
66    356   158   159  0.900100  {0,2,0}     20    1
8     363    32    34  0.428647  {0,1,0}     27    1
19    398   129   136  0.532011  {0,3,0}     22    1
94    415   240   242  0.248089  {0,1,0}     20    1
46    427   213   214  0.330732  {1,0,0}     40    1
93    431     8     9  0.918180  {0,1,0}     20    1
17    448    68    79  0.648449  {1,1,0}     22    1
60    451    32    33  0.192007  {0,3,0}     26    0
36    494   244   245  0.838578  {1,1,0}     35    1
98    494   194   195  0.782056  {0,2,0}     32    1
115   503   110   113  0.307377  {0,1,0}     23    0
10    516   191   194  0.661336  {0,2,0}     36    1
50    551   244   248  0.095546  {1,1,0}     35    1
44    551    58    59  0.756647  {0,1,0}     28    0
111   561    81    82  0.145796  {0,2,0}     35    1
117   568    18    19  0.158197  {0,2,0}     31    1
100   574   147   148  0.109154  {0,2,0}     38    0
63    578   140   141  0.041878  {1,0,0}     25    1
99    587   155   161  0.976846  {1,1,0}     23    1
82    597    50    52  0.482369  {0,1,0}     39    0
42    609   227   228  0.097652  {1,1,0}     40    1
39    613    19    25  0.549064  {0,0,1}     23    1
97    616    19    20  0.075666  {0,1,0}     25    0
56    616   189   190  0.738954  {0,0,1}     29    1
15    618   116   118  0.455802  {0,2,0}     29    1
107   619   169   173  0.492289  {0,1,0}     21    0
52    620   212   243  0.264638  {0,2,0}     32    0
102   632   173   181  0.135337  {0,0,1}     32    1
31    637   156   162  0.566926  {0,2,0}     29    1
121   647    83    85  0.755297  {0,2,0}     22    0
67    669    78    79  0.302369  {1,0,0}     24    1
113   679   178   182  0.542149  {0,1,1}     39    1
124   685    53    54  0.449549  {1,3,0}     33    1
75    686   194   195  0.670156  {1,0,0}     32    0
41    688     3    15  0.106549  {0,1,0}     20    0
29    690    90    95  0.759416  {0,1,0}     31    0
118   697   119   161  0.273470  {0,2,0}     22    1
87    698   189   241  0.011781  {0,1,0}     25    1
2     700    36    37  0.861814  {0,0,1}     32    0
123   708   135   145  0.087199  {1,0,0}     26    1
3     715   144   147  0.058039  {1,0,0}     21    1
95    729   150   151  0.932311  {1,1,0}     25    1
6     739   132   133  0.246240  {0,1,1}     29    0
13    761    86    87  0.677284  {0,2,0}     35    0
49    769   204   209  0.051483  {0,1,0}     21    0
72    785    59    60  0.508525  {1,0,0}     25    1
106   789   152   153  0.232371  {0,2,0}     27    1
53    790    75    77  0.859356  {1,1,0}     31    1
88    798   242   245  0.089346  {1,0,0}     34    1
5     805   101   102  0.864397  {1,0,0}     33    1
59    810    66    68  0.929851  {1,1,0}     33    1
89    811    63    64  0.252136  {0,1,1}     33    1
104   826   196   197  0.466492  {1,1,0}     28    1
84    835   102   110  0.305354  {0,2,0}     29    1
11    846   124   151  0.515353  {0,2,0}     28    1
101   849    18    19  0.849779  {0,1,0}     39    1
21    851   120   154  0.654159  {1,2,0}     39    1
38    859    18    20  0.288724  {0,0,1}     31    1
74    896   111   112  0.847645  {1,3,0}     24    1
105   897   100   111  0.366607  {0,1,0}     27    0
7     901   211   212  0.692162  {0,2,0}     39    1
16    913   110   113  0.866241  {1,1,0}     23    1
20    922   237   240  0.445645  {0,1,0}     25    0
43    922    17    19  0.888979  {1,1,0}     26    1
119   933    80    81  0.899625  {1,1,0}     32    1
64    938   129   136  0.131724  {0,2,0}     30    1
85    941    36    37  0.958551  {1,1,0}     26    1
92    943    92    93  0.999693  {0,2,0}     33    0
114   948    96   114  0.687762  {0,2,0}     25    0
70    962   203   210  0.687157  {1,0,0}     34    1
37    968    13    14  0.756469  {0,3,0}     28    1
122   990    50    51  0.548277  {0,3,0}     23    0
81    997    69    78  0.886320  {0,3,0}     33    0
86   1005    39    72  0.660740  {1,1,0}     37    1
108  1008    25    26  0.928984  {0,3,0}     32    0
35   1018   165   177  0.388189  {0,1,0}     36    0
12   1027   153   156  0.301137  {1,1,0}     34    0
103  1045   219   220  0.865864  {0,1,0}     22    1
4    1046   154   155  0.451418  {0,3,0}     40    0
18   1050    39    52  0.225249  {0,3,0}     40    0
1    1060   130   131  0.966840  {1,1,0}     32    1
109  1076   104   105  0.922917  {1,0,0}     31    1
55   1088   246   247  0.711373  {0,1,0}     32    1
28   1090    12    16  0.376973  {0,2,0}     35    0
32   1097   103   113  0.372154  {0,0,1}     31    1
120  1099    97   126  0.582502  {0,1,0}     31    0
112  1108    59    60  0.916021  {1,0,0}     32    1
110  1109   167   175  0.902364  {1,3,0}     30    1
90   1133   237   240  0.345803  {0,2,0}     22    0
9    1161   126   127  0.767709  {0,1,0}     35    1
45   1162     6     7  0.019324  {0,3,0}     20    1
51   1181   115   116  0.089452  {0,1,0}     24    1
57   1184    41    51  0.978855  {0,1,0}     26    1
83   1187   178   179  0.452720  {0,2,0}     37    1
14   1189    43    46  0.866750  {0,3,0}     24    1
127  1212    31    32  0.024195  {1,0,0}     37    1
91   1223   226   227  0.866621  {1,0,0}     29    0
47   1225    40    41  0.971813  {0,2,0}     29    1
61   1235   163   168  0.469801  {0,2,0}     40    1
126  1239   178   182  0.753948  {1,0,0}     20    1
25   1269   132   133  0.745401  {0,3,0}     32    1
78   1293   176   179  0.646839  {0,1,0}     29    1
79   1295     4    22  0.452963  {1,0,0}     27    1
22   1308   198   200  0.214373  {1,1,0}     28    1
33   1329   241   242  0.888826  {1,1,0}     27    1
96   1330   144   147  0.258835  {0,1,1}     31    1
71   1333    19    20  0.459102  {0,1,0}     31    0
34   1337    27    28  0.583381  {0,1,0}     33    1
65   1337    14    15  0.816533  {0,2,0}     22    0
77   1345   127   128  0.653232  {0,3,0}     28    0
48   1361   232   234  0.115078  {1,1,0}     32    1
69   1363   196   197  0.032474  {1,0,0}     22    1
80   1383   198   200  0.329765  {0,1,0}     36    0
40   1398    14    15  0.334175  {0,2,0}     32    0
62   1406    80    81  0.236255  {1,0,0}     40    1
76   1417    80    88  0.966965  {1,0,0}     28    1
30   1420    80    81  0.739311  {0,1,0}     22    1
