map EGL-G1-E
fac 5 10 {0,178,222,117,38}
hosp 3 {0,242,42}
n_ALS 9 1 {1:0,3:178,2:222,1:117,2:38}
n_BLS 16 1 {2:0,3:178,4:222,6:117,1:38}
n_CLS 5 0 {2:0,2:178,1:38}
      c_m  head  tail      c_af      c_d  c_tau  c_h
31     12   110   113  0.597370  {0,1,0}     29    1
52     23    20    21  0.396797  {1,1,0}     25    1
41     59    24    25  0.927365  {0,1,0}     22    0
125   131   213   214  0.022019  {1,0,0}     37    1
1     164   150   151  0.172440  {1,0,0}     22    1
76    197    17    22  0.822269  {1,1,0}     34    1
48    258    43    45  0.281905  {0,1,1}     31    1
46    265    75    76  0.782903  {1,0,0}     22    1
44    369   165   177  0.175567  {0,1,0}     37    1
14    397    94    98  0.628688  {0,2,0}     26    1
65    463   198   200  0.223549  {0,3,0}     23    0
83    483   238   240  0.919375  {0,3,0}     25    1
55    486   226   231  0.861889  {0,0,1}     28    0
91    497   226   227  0.210724  {0,3,0}     22    1
72    500   165   166  0.519204  {0,3,0}     21    0
20    510    96   111  0.209879  {0,2,0}     23    1
93    512   186   187  0.448773  {0,3,0}     34    1
81    521    19    25  0.843170  {0,3,0}     26    0
119   524   189   190  0.772070  {1,0,0}     35    1
104   534   202   204  0.419930  {0,2,0}     36    0
16    545   190   191  0.761208  {0,0,1}     28    1
49    550   131   132  0.923752  {0,3,0}     21    0
82    551   114   115  0.036536  {0,1,0}     28    0
121   558   193   194  0.767017  {1,1,0}     36    1
103   560    66    67  0.285404  {0,2,0}     37    1
37    561   144   147  0.682372  {1,0,0}     20    1
60    564   176   180  0.260686  {0,1,1}     34    0
75    567     5    26  0.462907  {0,2,0}     22    0
73    568   161   162  0.506807  {0,1,0}     40    0
7     568    59    71  0.426084  {0,1,0}     28    0
80    574    95    97  0.259772  {0,3,0}     29    1
5     581   132   133  0.704105  {0,2,0}     39    0
70    590   237   238  0.346236  {1,0,0}     37    1
116   593   114   115  0.388904  {1,0,0}     29    1
40    598   225   226  0.351460  {1,1,0}     39    1
24    603    38    40  0.915002  {0,1,0}     20    0
100   606   146   147  0.432005  {0,1,0}     33    1
18    618    47    48  0.474061  {0,1,0}     24    1
77    632     2     3  0.947824  {0,3,0}     23    0
98    642    58    59  0.298527  {1,0,0}     29    1
58    643    27    30  0.676333  {0,2,0}     30    1
10    645    38    40  0.294670  {0,1,1}     29    1
120   646    54    55  0.300367  {1,3,0}     35    1
87    652   242   243  0.164690  {0,2,0}     36    0
56    657   234   236  0.348197  {0,1,0}     38    1
26    675   125   149  0.693642  {1,0,0}     27    1
13    675    89    91  0.463429  {0,3,0}     20    0
15    677    47    64  0.466422  {0,2,0}     35    0
107   683    77    81  0.120854  {0,0,1}     23    1
23    684   151   152  0.981763  {0,2,0}     27    1
39    690   130   131  0.209595  {1,1,0}     20    1
42    713   199   202  0.286234  {1,0,0}     34    1
19    728    96   111  0.694990  {1,0,0}     22    1
4     745   102   110  0.609739  {0,1,1}     30    1
32    759   225   248  0.113794  {0,2,0}     36    1
95    764   116   120  0.892018  {1,0,0}     32    1
38    789   212   218  0.038483  {0,1,0}     24    1
96    793   176   180  0.819204  {0,1,0}     33    0
67    793   165   166  0.672005  {1,0,0}     35    1
28    809   154   155  0.797586  {0,2,0}     28    0
11    820   142   144  0.290787  {0,2,0}     23    1
61    841   170   171  0.590227  {1,1,0}     32    1
69    841   123   124  0.586780  {1,1,0}     38    1
25    843    60    67  0.006483  {0,2,0}     25    1
36    843   244   248  0.133016  {0,1,0}     29    0
6     860     9    10  0.101343  {1,0,0}     22    1
108   870   229   230  0.260002  {1,1,0}     31    1
126   878    54    55  0.382266  {0,1,1}     38    1
114   878   115   122  0.758092  {1,2,0}     23    1
122   879    94    98  0.334273  {0,3,0}     37    0
106   882    10    41  0.138994  {0,2,0}     24    1
110   894     6     7  0.977825  {0,0,1}     27    1
35    896   232   234  0.323704  {1,1,0}     20    1
59    901    65    66  0.996602  {0,3,0}     38    0
8     904   238   240  0.577878  {0,2,0}     31    1
92    907   156   162  0.263209  {1,0,0}     39    1
22    926   165   166  0.165997  {0,2,0}     27    0
64    929   150   151  0.909240  {1,1,0}     25    1
109   943    83    85  0.501553  {0,1,1}     37    1
43    968   231   232  0.383616  {0,2,0}     25    1
51    980    24    25  0.309410  {1,0,0}     38    1
84    997   146   147  0.039627  {0,2,0}     22    1
68    998   211   212  0.317452  {0,2,0}     28    1
2    1000   124   151  0.869821  {0,1,0}     36    1
53   1002   137   138  0.262195  {0,3,0}     27    0
99   1002   142   143  0.269193  {0,2,0}     38    1
29   1004     5    26  0.460092  {0,3,0}     30    1
101  1005     5     6  0.585812  {0,1,0}     40    0
47   1007   103   113  0.571626  {0,1,0}     39    1
102  1021    81    84  0.601538  {0,1,0}     40    1
86   1025   177   178  0.669603  {1,1,0}     33    0
89   1027     9    10  0.035415  {0,3,0}     32    1
97   1030   178   179  0.578205  {1,0,0}     34    0
62   1052   169   173  0.275998  {1,0,0}     38    1
115  1063   119   169  0.625180  {0,2,0}     25    0
66   1064   106   108  0.183578  {0,1,0}     20    1
21   1071   139   141  0.652901  {0,1,0}     22    0
88   1072    71    72  0.264950  {1,1,0}     26    1
113  1081    41    51  0.199657  {1,0,0}     38    1
94   1083   105   117  0.911350  {1,0,0}     23    1
27   1089    31    38  0.704701  {1,1,0}     25    1
74   1099   170   171  0.973689  {0,1,0}     39    1
33   1128    23    86  0.414705  {1,0,0}     28    1
50   1138   151   152  0.711939  {1,0,0}     22    1
79   1145   116   117  0.380250  {1,0,0}     33    1
30   1153   102   110  0.274845  {1,1,0}     35    1
57   1175   110   113  0.821577  {0,2,0}     25    1
12   1178   157   159  0.662804  {0,3,0}     27    1
9    1178   207   209  0.483525  {0,1,0}     25    1
127  1179    20    21  0.961008  {1,0,0}     34    1
71   1195   231   236  0.704859  {1,1,0}     25    1
105  1233   185   192  0.952897  {0,2,0}     32    0
34   1245    60    67  0.977789  {0,2,0}     36    1
17   1255    69    70  0.764793  {1,0,0}     22    1
54   1283   162   167  0.157759  {0,2,0}     29    0
124  1290   146   147  0.246710  {1,1,0}     33    1
123  1291   151   152  0.054710  {0,1,0}     22    0
0    1310    48    57  0.881764  {1,1,0}     37    1
90   1321   160   164  0.628274  {0,1,1}     20    1
63   1327    61    62  0.684010  {1,1,0}     36    1
85   1333     4    22  0.722942  {0,2,0}     37    1
78   1364   196   197  0.439004  {0,1,0}     36    0
118  1376    39    40  0.112260  {0,0,1}     30    1
45   1378   195   197  0.266707  {0,1,0}     36    1
3    1401   211   213  0.518602  {0,1,1}     40    0
111  1426    91    92  0.018375  {0,1,1}     30    0
117  1428    50    51  0.975512  {1,0,0}     29    1
112  1435   122   123  0.108275  {1,0,0}     30    1
