map EGL-G1-B
fac 5 10 {0,49,165,62,71}
hosp 3 {0,52,154}
n_ALS 9 1 {3:0,4:49,1:165,1:71}
n_BLS 21 1 {4:0,6:49,5:165,4:62,2:71}
n_CLS 10 0 {3:0,2:165,1:62,4:71}
      c_m  head  tail      c_af      c_d  c_tau  c_h
72     80    60    67  0.907971  {0,0,1}     26    1
17    108   101   110  0.745500  {1,3,0}     27    1
120   140    71    72  0.532423  {0,1,1}     23    1
123   150   111   112  0.269459  {0,1,1}     40    1
45    155   211   213  0.554812  {0,1,0}     40    1
13    164   156   160  0.670891  {0,2,0}     39    1
115   178   104   105  0.076349  {1,3,0}     22    1
77    183    55    56  0.759882  {0,3,0}     30    1
57    200    49    56  0.680570  {1,0,0}     26    1
94    224   160   164  0.924232  {1,1,0}     32    1
0     260   119   169  0.487235  {0,1,0}     34    0
90    327   222   225  0.164852  {0,1,0}     31    1
63    377   104   106  0.815842  {1,0,0}     22    1
96    390    66    67  0.106045  {0,1,0}     36    1
93    391   129   130  0.654470  {0,1,1}     27    1
79    420   161   162  0.187632  {1,2,0}     39    1
18    422   188   189  0.888187  {0,0,1}     28    0
100   459    86    87  0.996380  {1,0,0}     36    1
112   477   151   152  0.878627  {0,1,0}     31    0
101   496   246   248  0.762846  {0,2,0}     34    1
5     497   131   132  0.877955  {0,3,0}     30    1
14    519   116   117  0.763505  {0,1,1}     39    1
36    534     9    34  0.479486  {0,2,0}     27    1
116   536    98    99  0.124332  {0,2,0}     26    1
110   537   101   110  0.423864  {0,3,0}     40    1
105   546    19    25  0.249677  {0,0,1}     26    0
32    546   194   195  0.987150  {0,3,0}     37    1
89    560   100   111  0.973550  {0,3,0}     24    1
126   572   246   248  0.661547  {1,1,0}     37    1
109   625   191   193  0.721374  {0,3,0}     23    1
68    633   123   124  0.312937  {0,2,0}     21    1
80    633    31    38  0.661752  {1,1,0}     32    1
43    638   173   181  0.295752  {0,3,0}     27    1
99    645    92    93  0.279769  {1,1,0}     23    1
62    647   232   234  0.173919  {0,2,0}     31    0
127   648     1    12  0.791268  {0,2,0}     20    0
87    650   212   243  0.876269  {0,1,0}     36    1
83    659     9    10  0.441425  {1,1,0}     39    1
54    670    69    70  0.059373  {0,2,0}     25    0
41    682   216   217  0.146178  {0,0,1}     34    0
114   686    89    91  0.099552  {0,2,0}     40    1
11    689   149   150  0.951738  {0,3,0}     32    0
108   696     0     1  0.025568  {0,1,0}     21    1
28    696    34    41  0.671611  {1,1,0}     25    1
12    697   211   213  0.016646  {1,1,0}     31    1
48    700   154   155  0.089103  {0,1,0}     36    1
107   702   160   164  0.942718  {0,1,1}     25    1
6     708    36    38  0.502153  {0,2,0}     40    0
25    712   144   147  0.131193  {0,3,0}     27    0
7     720   194   195  0.090046  {0,1,0}     40    1
44    722   238   240  0.131433  {0,2,0}     26    0
33    727   128   137  0.698094  {0,3,0}     25    0
27    745   207   209  0.772774  {0,2,0}     23    1
23    760    88    96  0.303895  {0,1,0}     34    0
82    768   103   104  0.001905  {0,3,0}     25    1
65    788   102   110  0.084596  {1,2,0}     36    1
61    790   175   176  0.476924  {0,1,0}     37    1
34    795     3    15  0.851473  {0,1,0}     22    1
117   796   178   183  0.882853  {0,1,0}     34    1
81    803    94    98  0.349440  {0,0,1}     24    1
92    808    80    88  0.801655  {1,1,0}     21    1
88    813    36    37  0.564884  {0,3,0}     26    0
15    817    36    38  0.733598  {0,1,0}     31    1
78    823    96   114  0.083015  {0,1,0}     25    0
58    846   134   135  0.333225  {1,1,0}     34    1
95    852     5     6  0.878064  {0,1,0}     28    1
47    858   227   228  0.540634  {0,2,0}     31    0
102   864    12    13  0.870842  {1,0,0}     31    1
124   864   196   203  0.121243  {1,0,0}     39    1
9     866   127   138  0.405631  {0,3,0}     28    1
73    868    89    91  0.829874  {0,0,1}     31    1
84    875   177   184  0.727882  {0,1,1}     37    0
40    882    86    87  0.373240  {0,2,0}     21    1
121   886   129   130  0.899952  {1,0,0}     33    1
97    887    12    16  0.128808  {0,3,0}     21    1
66    891   189   190  0.499742  {0,2,0}     39    0
106   898   196   203  0.560797  {0,3,0}     20    0
21    902   202   204  0.968881  {0,0,1}     29    0
118   908   134   146  0.337080  {0,1,0}     21    1
19    908    68    79  0.600498  {0,3,0}     34    0
56    914    30    33  0.995131  {0,1,1}     27    1
119   927   129   130  0.177258  {0,1,0}     20    1
85    929   136   137  0.392317  {0,2,0}     20    1
39    933   219   220  0.639742  {0,1,0}     22    1
125   939    58    59  0.607038  {0,2,0}     36    1
86    944    72    73  0.219281  {1,0,0}     36    1
91    975   119   169  0.496916  {1,1,0}     37    1
4     983   178   183  0.805233  {1,1,0}     22    1
71    995    96    97  0.111633  {0,1,0}     39    1
69   1034   165   177  0.316970  {0,2,0}     31    0
52   1034   220   222  0.332208  {1,1,0}     22    0
49   1034   242   243  0.768216  {0,2,0}     40    0
26   1038    50    51  0.440999  {0,1,0}     26    1
30   1039   127   128  0.725482  {0,2,0}     25    0
22   1041    96   114  0.787507  {1,1,0}     35    1
1    1042   225   227  0.343622  {0,2,0}     23    0
8    1043   246   247  0.186817  {1,1,0}     37    1
111  1050   125   149  0.664015  {1,0,0}     28    1
16   1052   185   192  0.966737  {0,1,0}     30    1
24   1069   241   242  0.638027  {1,1,0}     22    1
113  1079    68    79  0.867518  {0,3,0}     31    1
74   1134    90    95  0.407151  {0,2,0}     28    1
55   1147   191   193  0.581130  {1,1,0}     33    1
50   1149     2     3  0.571060  {1,0,0}     22    1
20   1149    41    51  0.188370  {0,2,0}     21    1
104  1150   158   159  0.569898  {1,0,0}     30    1
29   1162    83    85  0.124363  {0,1,1}     25    1
3    1162   100   111  0.874331  {0,1,0}     34    0
37   1162   244   248  0.704914  {0,2,0}     33    1
122  1172   106   108  0.203560  {1,0,0}     35    1
75   1179   160   163  0.373227  {0,1,0}     40    1
46   1180   228   230  0.298546  {0,2,0}     31    1
98   1182    23   170  0.334422  {0,1,0}     36    1
31   1187     3    15  0.656424  {1,1,0}     32    1
59   1187   226   231  0.641346  {1,1,0}     38    1
42   1195   199   201  0.286930  {1,0,0}     36    1
64   1219   225   227  0.833540  {0,2,0}     38    1
53   1224   211   212  0.735979  {0,2,0}     34    1
70   1226   195   197  0.817081  {0,0,1}     33    1
51   1245    94    95  0.211960  {0,3,0}     25    1
67   1256   225   227  0.117179  {0,1,0}     21    1
10   1257    49    50  0.386011  {1,3,0}     22    1
2    1264   156   162  0.929472  {0,3,0}     33    0
76   1287    36    39  0.153165  {0,3,0}     37    0
103  1312   215   216  0.075539  {0,1,0}     20    1
60   1317   101   110  0.471849  {0,0,1}     31    1
38   1319   198   199  0.414168  {0,3,0}     33    0
35   1422    63    64  0.779151  {1,0,0}     40    1
