map EGL-G1-E
fac 5 10 {0,36,165,83,176}
hosp 1 {0}
n_ALS 8 1 {3:0,1:36,2:165,1:83,1:176}
n_BLS 24 1 {6:0,3:36,7:165,4:83,4:176}
n_CLS 6 0 {1:0,1:36,1:165,1:83,2:176}
      c_m  head  tail      c_af      c_d  c_tau  c_h
10     14   191   193  0.546103  {1,1,0}     24    1
83     16   213   214  0.486335  {0,3,0}     39    0
54     39   198   199  0.596293  {0,0,1}     29    1
89     43    31    38  0.069605  {1,0,0}     21    1
6      91    97   126  0.848757  {0,3,0}     27    0
57     95    53    54  0.187830  {0,2,0}     38    1
22     97   196   203  0.739701  {0,3,0}     37    1
25    132    83    85  0.885353  {0,2,0}     25    1
74    165    90    95  0.865309  {1,0,0}     28    1
123   176     5     6  0.397986  {0,1,1}     28    0
67    186   227   228  0.145590  {0,1,0}     32    1
91    197   169   170  0.374597  {0,1,0}     24    1
72    198    43    46  0.365931  {1,1,0}     24    1
63    225    98   130  0.384580  {1,0,0}     37    1
115   238   237   238  0.187907  {0,2,0}     27    1
110   270   150   152  0.125255  {0,1,0}     37    0
60    311   130   131  0.622639  {0,2,0}     25    0
120   393    36    37  0.218138  {0,1,0}     23    1
61    413     8     9  0.688862  {0,1,0}     38    1
121   431   178   179  0.082295  {0,1,0}     34    1
24    438     4     5  0.890884  {1,0,0}     37    1
84    440   119   161  0.819543  {0,1,0}     31    1
109   448   184   185  0.177288  {0,2,0}     33    0
28    452    46    47  0.143246  {0,1,1}     40    0
49    500   198   199  0.525421  {1,1,0}     36    1
76    514   103   113  0.928840  {1,0,0}     39    0
46    526    40    41  0.944496  {1,1,0}     20    1
31    529   207   209  0.288820  {1,0,0}     36    1
39    538   229   230  0.408014  {0,2,0}     22    1
4     542    96    97  0.020659  {0,2,0}     22    0
56    560    36    37  0.617066  {0,3,0}     20    1
87    565    36    38  0.787163  {1,1,0}     36    1
41    576   237   240  0.730830  {0,1,0}     34    0
29    580    22    24  0.691289  {0,0,1}     27    0
85    586   177   178  0.721515  {1,0,0}     28    1
69    586   213   216  0.987273  {0,0,1}     40    0
70    593     8    33  0.542949  {0,1,0}     22    1
88    593    26    28  0.353248  {1,0,0}     28    1
20    593   210   211  0.091139  {0,2,0}     27    1
58    605   237   240  0.431320  {1,0,0}     38    1
68    605    65    92  0.056157  {1,0,0}     22    1
18    608    50    53  0.517885  {1,1,0}     22    1
5     619   244   248  0.681206  {0,2,0}     31    1
105   624   185   192  0.112272  {0,3,0}     22    0
2     625   129   136  0.275206  {1,0,0}     33    1
59    626   120   121  0.638094  {0,1,0}     26    1
81    631   111   112  0.858920  {0,2,0}     38    0
16    634    81    82  0.139766  {1,1,0}     35    1
116   637    60    67  0.051509  {0,1,0}     34    1
42    650    24    26  0.046471  {1,0,0}     23    1
71    652    37    74  0.869405  {1,0,0}     29    1
45    659   246   247  0.030923  {0,1,0}     39    1
33    660   210   211  0.691868  {0,1,1}     30    1
95    663   242   245  0.439385  {1,0,0}     25    1
51    667   234   235  0.844162  {0,3,0}     30    0
14    672   157   159  0.557208  {1,1,0}     27    1
125   677   186   187  0.533114  {1,1,0}     29    1
101   680   153   156  0.435707  {1,1,0}     24    1
9     688    18    20  0.231569  {0,2,0}     24    1
43    700   194   195  0.506233  {0,3,0}     25    1
11    709   151   154  0.176367  {0,1,0}     20    1
17    710    96   111  0.253086  {0,2,0}     20    1
93    711    43    44  0.345874  {1,0,0}     27    1
15    724    23   170  0.541002  {0,2,0}     36    0
32    730   102   103  0.354791  {1,1,0}     24    1
106   738    19    25  0.410593  {0,1,0}     33    1
79    749   229   230  0.762050  {0,2,0}     29    1
44    750   160   164  0.575878  {1,0,0}     38    1
37    754   160   164  0.208882  {1,0,0}     33    1
53    755    83    85  0.904060  {1,0,0}     25    1
94    756   105   117  0.269461  {0,2,0}     23    1
7     756    53    55  0.085905  {1,1,0}     32    1
98    766   242   243  0.286903  {0,1,0}     21    0
13    780   124   151  0.042888  {0,2,0}     29    1
75    781   237   238  0.494169  {0,2,0}     28    1
78    793    43    46  0.395603  {0,1,1}     37    1
114   804   140   141  0.954069  {0,1,0}     32    0
1     813    27    28  0.592195  {0,2,0}     22    1
99    828   195   197  0.021112  {0,2,0}     22    0
50    829    69    78  0.583815  {0,3,0}     23    1
3     832   120   121  0.816272  {1,0,0}     40    1
36    839   162   167  0.460833  {1,1,0}     36    1
97    856   114   115  0.491448  {1,0,0}     26    1
90    869    34    41  0.254301  {1,0,0}     39    1
26    883    38    40  0.803705  {1,0,0}     35    1
80    898     1    12  0.811233  {0,2,0}     29    1
73    898   155   161  0.912222  {0,1,0}     32    1
104   911   190   191  0.431385  {0,2,0}     33    1
127   912   128   129  0.452965  {1,0,0}     39    1
82    920   139   141  0.015088  {1,0,0}     29    1
0     928     2     3  0.479684  {0,1,0}     37    1
124   931   174   175  0.280168  {0,2,0}     28    1
55    933   138   139  0.357493  {0,2,0}     22    0
100   951    10    41  0.515952  {0,3,0}     33    0
52    956   145   146  0.283304  {0,3,0}     28    1
48    958     3     4  0.649607  {0,2,0}     21    1
102   965   189   190  0.115481  {1,1,0}     37    1
66    979    36    38  0.268376  {0,2,0}     33    0
108   985   106   107  0.492615  {0,1,0}     26    1
64   1006   237   238  0.574399  {0,3,0}     36    0
8    1012   228   229  0.501536  {0,1,0}     20    1
117  1022   210   211  0.933421  {1,0,0}     22    1
19   1033    86    87  0.982132  {0,1,0}     32    1
12   1042   138   139  0.751978  {0,2,0}     32    1
40   1044   161   162  0.038990  {1,0,0}     30    1
86   1056     1     2  0.825661  {0,1,0}     36    1
103  1081   125   126  0.220316  {0,3,0}     26    1
126  1095   146   147  0.392995  {1,0,0}     29    1
92   1098    32    34  0.370099  {0,2,0}     31    1
107  1106   152   153  0.794851  {0,2,0}     20    0
113  1109    16    17  0.272448  {1,1,0}     37    0
96   1126   229   230  0.021047  {1,0,0}     35    1
34   1131   228   230  0.146907  {0,1,0}     29    0
118  1133    27    30  0.603114  {1,0,0}     20    1
27   1136   174   176  0.389734  {0,0,1}     34    0
62   1163     3    15  0.704831  {1,1,0}     37    1
77   1173   220   222  0.529038  {0,0,1}     20    0
47   1201   191   193  0.988159  {0,3,0}     28    0
122  1204    12    13  0.613449  {0,2,0}     37    1
23   1229    90    91  0.396591  {0,3,0}     36    0
111  1270   164   165  0.414891  {0,1,0}     32    0
112  1277    43    45  0.614190  {0,2,0}     31    0
38   1319   199   202  0.805289  {0,1,0}     30    1
35   1322   198   200  0.194874  {0,2,0}     23    0
30   1371   204   209  0.770376  {1,1,0}     26    1
65   1386   225   227  0.437573  {0,2,0}     36    1
21   1416   169   173  0.726644  {0,2,0}     22    1
119  1430   193   194  0.216101  {0,1,0}     27    0
