map EGL-G1-C
fac 5 10 {0,1,214,154,52}
hosp 2 {0,208}
n_ALS 6 1 {1:0,2:214,1:154,2:52}
n_BLS 24 1 {4:0,8:1,4:214,2:154,6:52}
n_CLS 8 0 {2:0,1:1,3:154,2:52}
      c_m  head  tail      c_af      c_d  c_tau  c_h
25     13   157   158  0.173355  {0,2,0}     40    1
49     38   112   113  0.016173  {0,1,1}     28    1
91     45   169   170  0.310719  {1,1,0}     35    1
117    58   198   199  0.558478  {0,1,1}     27    1
71    152   177   184  0.586988  {0,2,0}     28    0
5     158    51    52  0.118841  {0,2,0}     25    0
113   224    17    19  0.362246  {0,1,0}     22    1
82    268   198   200  0.240993  {1,1,0}     23    1
87    343     3    23  0.321908  {0,1,1}     23    1
14    358    89    90  0.022438  {1,0,0}     37    1
10    400   119   161  0.443263  {0,1,1}     27    1
18    410   204   209  0.885848  {0,2,0}     38    0
1     441   144   147  0.473838  {0,2,0}     29    0
84    456    54    55  0.955149  {0,1,0}     39    0
11    490    17    22  0.002059  {0,3,0}     20    0
63    510   166   167  0.894031  {0,3,0}     33    0
54    537    86    87  0.247576  {1,0,0}     36    1
50    540   112   113  0.582871  {0,1,1}     29    1
83    548    61    62  0.333562  {0,3,0}     40    1
37    552   116   117  0.048593  {1,1,0}     40    1
29    564   197   198  0.568259  {0,1,0}     25    0
72    565   135   145  0.338169  {1,1,0}     24    1
60    566   226   231  0.209375  {0,1,0}     26    0
41    567   225   248  0.330387  {0,1,0}     39    1
78    567    43    45  0.413948  {1,0,0}     40    1
65    587   157   159  0.680439  {0,1,0}     25    0
122   598   188   189  0.509757  {0,1,0}     38    1
3     604    98    99  0.149134  {0,1,1}     26    1
99    612    48    49  0.400566  {0,3,0}     24    1
76    631    55    56  0.690761  {0,3,0}     26    1
125   641   243   244  0.842409  {1,0,0}     35    1
121   644   194   195  0.399758  {0,1,0}     24    1
13    647   203   210  0.916654  {0,2,0}     30    0
46    648    84   100  0.641247  {0,3,0}     34    1
106   654    48    49  0.314368  {0,2,0}     40    0
118   659    55    56  0.308756  {1,2,0}     28    1
58    677   165   174  0.261888  {0,3,0}     34    1
20    686   142   144  0.169045  {0,2,0}     22    1
8     692   195   197  0.009313  {0,3,0}     23    1
30    702   167   175  0.246636  {1,1,0}     28    1
81    703   212   218  0.135035  {0,3,0}     32    0
77    708    88    89  0.569101  {0,3,0}     32    0
48    716    43    46  0.198790  {0,1,0}     27    1
34    725    93    94  0.689861  {1,1,0}     39    1
36    754   105   107  0.843564  {1,1,0}     20    1
120   763    49    56  0.219726  {0,2,0}     24    1
124   767   141   142  0.038660  {0,1,1}     39    0
23    772    40    41  0.736142  {1,1,0}     24    1
108   780   158   160  0.515991  {1,1,0}     38    1
92    797    50    53  0.861844  {0,2,0}     28    1
35    807   166   167  0.040535  {0,0,1}     24    0
79    810   219   220  0.951497  {0,2,0}     40    0
104   811    75    76  0.391098  {0,1,0}     28    0
105   826   170   171  0.845846  {0,1,0}     29    1
16    854   116   118  0.967227  {0,1,0}     36    1
116   865    92    93  0.881871  {0,1,0}     32    0
127   869    91    92  0.423244  {0,3,0}     22    1
51    869   166   167  0.303159  {0,3,0}     25    1
45    870   237   238  0.936952  {0,1,1}     35    0
119   871     9    10  0.082468  {0,0,1}     24    1
94    873    38    40  0.219842  {0,3,0}     36    0
32    880    57    61  0.852078  {1,1,0}     28    1
27    891   244   248  0.833530  {0,2,0}     27    1
31    898   110   113  0.108065  {0,1,0}     31    0
61    902   228   230  0.022362  {1,1,0}     36    1
67    902   107   108  0.000720  {0,2,0}     27    1
21    907   144   147  0.416782  {1,0,0}     31    1
52    922    16    17  0.464057  {1,1,0}     34    1
17    932     8     9  0.571338  {0,1,0}     26    0
102   952    26    28  0.128862  {0,1,0}     27    0
62    958   240   242  0.022075  {1,0,0}     26    1
80    959   142   143  0.174309  {0,1,0}     30    1
85    979   161   162  0.685813  {0,3,0}     33    0
64    986   102   110  0.760388  {0,2,0}     32    1
44    990    46    47  0.724581  {1,0,0}     30    1
75    991     0     1  0.694375  {1,0,0}     32    1
9    1013   130   131  0.031643  {0,3,0}     21    0
42   1025    25    26  0.645668  {0,1,0}     35    1
47   1031    45    64  0.755252  {1,0,0}     21    1
66   1036   135   145  0.330986  {0,2,0}     29    1
39   1037   184   185  0.523913  {1,1,0}     33    1
12   1039   110   113  0.327453  {0,2,0}     20    1
24   1047     2    14  0.931646  {1,1,0}     29    0
7    1050   115   116  0.741979  {0,1,0}     21    1
74   1051   158   160  0.163693  {1,1,0}     40    1
100  1055   165   174  0.384499  {0,1,0}     23    1
28   1055    12    16  0.378435  {0,1,1}     39    1
43   1058    22    24  0.640004  {1,0,0}     37    1
95   1060   190   192  0.029593  {0,3,0}     39    1
110  1073    65    91  0.677919  {0,3,0}     35    0
40   1073   115   122  0.561688  {1,0,0}     36    1
114  1074   225   226  0.395782  {0,3,0}     23    1
115  1086    50    52  0.476029  {0,1,0}     38    0
0    1095    69    78  0.959870  {0,1,0}     25    0
69   1103    18    19  0.613666  {0,3,0}     20    0
112  1105   158   160  0.257593  {0,3,0}     21    0
86   1109    30    33  0.154270  {0,1,0}     35    1
19   1110     2    14  0.566213  {0,1,0}     32    0
4    1114    19    25  0.886070  {1,0,0}     23    1
68   1116    18    20  0.345723  {1,1,0}     22    1
56   1124     5     6  0.752306  {1,1,0}     34    1
103  1126   139   140  0.733960  {0,2,0}     20    1
98   1131   223   224  0.896407  {1,0,0}     27    1
6    1132   122   123  0.006365  {0,2,0}     33    1
126  1152   215   216  0.023456  {1,0,0}     20    1
55   1179   166   167  0.050529  {0,1,0}     30    0
123  1190   226   227  0.088621  {0,2,0}     20    1
107  1196    92    93  0.179076  {0,3,0}     25    1
96   1196   128   129  0.428852  {0,2,0}     27    1
89   1207    28    29  0.513943  {0,0,1}     33    1
70   1209   219   221  0.300241  {0,0,1}     37    1
26   1218   232   233  0.060712  {0,1,0}     21    1
53   1246   222   223  0.883265  {0,0,1}     31    0
90   1256   202   203  0.663529  {0,1,0}     27    1
97   1269    32    34  0.662593  {0,1,1}     28    1
33   1289   100   111  0.042732  {0,1,0}     33    1
22   1290   184   185  0.924793  {0,2,0}     26    1
57   1292   156   160  0.353044  {0,2,0}     24    1
93   1304   227   228  0.389626  {0,2,0}     24    1
73   1305    61    62  0.597083  {0,2,0}     34    1
59   1308   213   216  0.499788  {0,1,0}     31    1
109  1319    39    72  0.192445  {0,1,0}     25    1
111  1329   127   138  0.636263  {1,0,0}     21    1
88   1331   160   164  0.914186  {0,3,0}     25    1
38   1352    48    49  0.901087  {0,3,0}     35    0
101  1357   115   116  0.790702  {1,0,0}     28    1
15   1361   154   155  0.803020  {0,2,0}     33    0
2    1436   189   241  0.739408  {0,2,0}     34    1
