map EGL-G2-E
fac 5 10 {0,161,99,104,190}
hosp 1 {0}
n_ALS 10 1 {2:0,1:161,3:99,1:104,3:190}
n_BLS 19 1 {2:0,3:161,5:99,4:104,5:190}
n_CLS 9 0 {1:0,2:161,2:99,2:104,2:190}
      c_m  head  tail      c_af      c_d  c_tau  c_h
14     39   175   177  0.599625  {0,2,0}     34    0
107    55    39    73  0.168402  {0,0,1}     30    0
74     63   191   195  0.087665  {1,0,0}     28    1
83    131   205   208  0.854551  {1,1,0}     29    1
116   195     2    14  0.469469  {0,2,0}     38    1
100   204   225   228  0.137141  {0,3,0}     40    1
29    232   195   248  0.627606  {0,1,0}     34    0
11    256   158   160  0.627719  {1,1,0}     36    1
92    288   133   135  0.317606  {0,2,0}     37    1
34    314    48    49  0.067903  {1,1,0}     36    1
39    318   252   253  0.232161  {1,0,0}     36    1
57    325   170   171  0.973744  {0,1,0}     24    0
4     343   113   114  0.655971  {1,0,0}     31    1
65    371   201   203  0.651411  {1,0,0}     27    0
95    377     8    33  0.991530  {0,1,1}     29    1
16    380   205   207  0.411141  {0,0,1}     39    1
32    389   176   177  0.949006  {0,1,0}     32    1
58    424   145   146  0.012847  {0,1,0}     39    1
5     433    43    45  0.783874  {0,1,0}     38    1
87    445    43    46  0.734824  {0,3,0}     21    0
52    453   179   183  0.922166  {0,1,0}     34    1
46    457    85   101  0.324597  {0,1,0}     26    1
41    458   117   119  0.122393  {0,1,0}     20    1
76    489    94    95  0.917490  {0,2,0}     27    1
127   501   120   162  0.648526  {0,0,1}     31    1
110   515    73    74  0.339669  {0,3,0}     30    0
78    529   135   147  0.735153  {0,1,1}     29    1
120   551   143   144  0.171105  {0,2,0}     33    1
19    561   117   118  0.552123  {1,3,0}     37    1
97    594    90    92  0.077688  {0,3,0}     25    1
55    598   147   148  0.665858  {0,3,0}     37    1
122   607   136   146  0.576055  {0,1,0}     26    0
66    607    16    18  0.655003  {0,2,0}     26    1
108   625   130   131  0.770252  {0,1,0}     33    0
37    630   181   182  0.401348  {1,1,0}     32    1
63    631   133   135  0.976402  {1,1,0}     25    1
31    634   227   231  0.420708  {0,1,0}     29    1
25    640    71    72  0.666898  {0,0,1}     39    0
26    646   194   242  0.045109  {1,0,0}     40    0
121   649   195   196  0.187893  {0,2,0}     32    1
48    662   186   188  0.905774  {0,2,0}     34    1
44    667    95    96  0.853710  {0,1,0}     32    1
43    673   113   115  0.126755  {0,3,0}     35    1
109   675   244   253  0.295158  {0,0,1}     24    1
64    681    12    13  0.434238  {0,1,0}     23    1
117   683   186   198  0.809434  {0,3,0}     24    1
93    687    23   171  0.513072  {1,0,0}     35    1
27    687   121   155  0.404872  {0,1,1}     32    0
18    689   162   163  0.118108  {1,1,0}     38    1
114   692     3    23  0.220053  {1,1,0}     36    1
119   733   243   245  0.126604  {0,3,0}     40    1
42    736   145   146  0.428816  {1,1,0}     36    1
98    746   179   184  0.433156  {0,2,0}     35    1
36    761    86    87  0.117734  {0,0,1}     22    0
2     765   133   135  0.324540  {1,0,0}     32    1
67    770    55    56  0.660749  {1,0,0}     25    1
61    771     3     4  0.584434  {0,2,0}     24    1
1     789   190   191  0.061178  {1,0,0}     39    1
80    789   192   193  0.989397  {0,0,1}     35    0
17    791   172   173  0.220930  {0,1,0}     38    1
0     817   105   107  0.184038  {0,2,0}     33    0
60    828   115   116  0.693179  {0,0,1}     28    1
54    830   235   236  0.896570  {1,0,0}     38    1
70    841   164   169  0.400263  {0,1,0}     29    0
15    845    50    53  0.122429  {0,2,0}     22    1
45    849   135   147  0.502152  {1,3,0}     37    0
112   860   243   245  0.740454  {0,3,0}     38    0
89    866   217   218  0.930645  {0,2,0}     25    1
99    871   117   119  0.512668  {1,1,0}     30    1
73    881   141   150  0.557556  {0,2,0}     27    0
35    882   195   248  0.103036  {1,1,0}     38    0
90    905   168   176  0.980521  {0,2,0}     33    1
38    944   138   139  0.392160  {0,2,0}     36    0
10    946   150   151  0.087354  {0,0,1}     33    0
113   950   186   198  0.307373  {1,0,0}     28    0
104   952   123   124  0.558994  {1,1,0}     20    1
115   969   163   167  0.588155  {0,2,0}     24    1
50    984   177   180  0.942078  {1,1,0}     34    1
12    993    82    83  0.989693  {1,1,0}     32    1
101   995    95    99  0.458208  {1,1,0}     22    1
102  1017   155   156  0.371993  {0,3,0}     24    1
71   1023   247   248  0.231375  {0,2,0}     39    0
22   1072    99   131  0.961363  {0,1,0}     34    1
20   1073    89    90  0.454260  {1,0,0}     39    1
91   1087     3    23  0.044726  {1,0,0}     33    1
7    1098   234   239  0.385474  {0,1,0}     20    1
59   1104   128   129  0.529109  {1,1,0}     31    1
88   1109   126   127  0.495199  {0,2,0}     28    1
79   1123   209   216  0.931669  {1,0,0}     26    1
68   1129   219   223  0.923988  {0,1,0}     35    0
103  1133   120   170  0.565466  {0,2,0}     24    0
49   1133   244   245  0.239443  {1,0,0}     38    1
125  1136   127   128  0.431627  {1,1,0}     28    1
105  1152    95    99  0.630075  {0,1,0}     34    1
86   1158    11    42  0.953486  {0,3,0}     28    1
33   1159    56    57  0.980750  {1,0,0}     25    1
75   1161   178   179  0.704157  {0,1,0}     28    1
24   1179    78    82  0.701225  {0,2,0}     32    0
124  1184   248   249  0.228151  {0,1,0}     34    1
21   1185   178   185  0.017971  {0,0,1}     20    1
8    1189   226   251  0.460931  {1,0,0}     24    1
111  1191   125   126  0.014820  {1,1,0}     24    1
96   1216   218   250  0.004259  {0,0,1}     24    0
56   1217   177   180  0.846467  {0,1,0}     30    1
40   1243    74    75  0.517815  {0,2,0}     22    0
85   1246   127   128  0.931127  {0,2,0}     22    1
84   1263    61    62  0.268689  {0,1,0}     26    1
106  1264   151   153  0.220209  {1,1,0}     25    1
77   1279    66    67  0.151805  {0,3,0}     31    0
6    1289   209   216  0.096592  {0,2,0}     20    0
30   1296    63    65  0.684182  {0,3,0}     27    1
72   1307    46    47  0.714448  {1,0,0}     29    1
94   1316   228   229  0.916768  {1,0,0}     21    1
23   1324   168   176  0.537801  {0,0,1}     40    1
53   1332   184   188  0.736139  {1,1,0}     23    1
123  1356   170   171  0.797798  {1,1,0}     38    1
3    1361   194   242  0.078368  {0,2,0}     29    0
13   1369    36    38  0.153626  {0,1,0}     38    1
82   1374   154   158  0.104585  {0,3,0}     37    0
81   1376   191   195  0.592750  {1,0,0}     25    1
126  1381    12    13  0.734188  {1,0,0}     31    1
62   1392   227   233  0.274160  {0,3,0}     20    1
28   1401   179   184  0.886940  {0,3,0}     22    0
118  1406   225   228  0.061180  {0,2,0}     38    1
9    1414   248   249  0.200635  {0,1,0}     23    0
69   1421   228   229  0.971696  {0,2,0}     31    0
47   1427    12    16  0.053030  {1,1,0}     22    0
51   1430     7     8  0.442951  {0,2,0}     35    0
