map EGL-G1-B
fac 5 10 {0,178,118,147,179}
hosp 2 {0,6}
n_ALS 10 1 {3:0,1:178,1:118,3:147,2:179}
n_BLS 25 1 {3:0,8:178,5:118,2:147,7:179}
n_CLS 7 0 {1:178,3:118,2:147,1:179}
      c_m  head  tail      c_af      c_d  c_tau  c_h
4      12   135   136  0.538593  {0,2,0}     33    0
21     17    98    99  0.649081  {0,1,0}     27    1
120    68    69    78  0.701288  {0,1,0}     36    0
62     71   144   145  0.015522  {0,2,0}     24    0
117    90   227   228  0.503040  {0,1,0}     33    1
37     95   129   130  0.582291  {1,1,0}     25    1
52    100   145   146  0.834569  {0,2,0}     21    1
127   128   191   193  0.960916  {0,1,1}     22    1
95    142   189   190  0.045885  {0,1,0}     35    1
124   155   160   164  0.551780  {1,1,0}     35    1
51    156    11    42  0.857410  {0,2,0}     22    0
107   169    77    78  0.691634  {1,0,0}     30    1
115   212    70    71  0.314935  {0,1,0}     23    0
0     239     5    23  0.317658  {1,3,0}     26    1
86    256    39    40  0.898432  {0,2,0}     35    1
29    292    28    29  0.601441  {1,0,0}     40    1
102   296    73    75  0.341289  {0,1,1}     23    1
26    320   138   139  0.404234  {0,2,0}     33    1
23    379   150   151  0.166696  {1,2,0}     24    1
50    386   211   212  0.402741  {1,0,0}     28    1
12    387    32    34  0.322256  {1,0,0}     33    1
96    435   190   192  0.863971  {0,0,1}     40    1
2     442   195   196  0.720466  {0,2,0}     33    0
40    470   190   191  0.152708  {0,1,0}     23    1
97    476    59    71  0.210475  {0,0,1}     20    1
33    477    84   100  0.805976  {1,0,0}     31    1
28    484   238   239  0.515358  {0,1,0}     32    1
6     486   194   195  0.039307  {1,0,0}     26    1
122   490    31    38  0.826696  {0,2,0}     39    0
55    509   196   197  0.731595  {0,3,0}     35    1
41    516   137   138  0.236587  {1,1,0}     30    1
67    526   112   113  0.183361  {1,0,0}     21    1
82    530   177   178  0.196077  {1,2,0}     25    1
74    543   140   149  0.161197  {0,2,0}     28    1
123   570   166   167  0.869904  {0,2,0}     30    1
58    576    28    29  0.880642  {0,3,0}     37    0
79    598   110   113  0.937705  {0,0,1}     22    0
114   604    75    77  0.608903  {1,0,0}     40    1
112   615    48    49  0.162524  {1,1,0}     25    1
64    620     4     5  0.850888  {0,1,0}     37    1
99    620    32    34  0.719197  {0,2,0}     23    1
73    627     2    14  0.797033  {0,0,1}     36    1
45    646    66    67  0.207598  {1,2,0}     32    1
19    647     8    33  0.106801  {0,2,0}     40    0
108   649    18    19  0.873644  {1,1,0}     37    1
46    683   222   225  0.526241  {0,1,1}     30    1
47    691    31    32  0.617559  {0,0,1}     35    0
30    724   116   118  0.178625  {0,3,0}     37    1
116   725    30    33  0.938834  {0,3,0}     30    1
118   727   103   104  0.770891  {0,2,0}     29    1
57    728   126   127  0.281205  {0,3,0}     30    0
13    730   142   143  0.163572  {0,1,0}     20    0
43    748    18    19  0.737414  {0,3,0}     30    1
90    765    18    19  0.368433  {1,2,0}     29    0
3     766   170   171  0.962167  {0,2,0}     27    0
5     768    77    78  0.261184  {1,0,0}     20    1
111   776    13    14  0.183088  {0,2,0}     30    1
11    778   162   167  0.954456  {0,0,1}     37    1
94    784    79    80  0.417798  {0,3,0}     32    1
98    798   147   148  0.928156  {1,1,0}     21    1
20    800   135   136  0.470970  {0,2,0}     21    0
25    805    53    55  0.528219  {0,1,1}     30    0
80    826   108   109  0.276889  {0,3,0}     23    1
121   831   105   107  0.624029  {0,1,0}     30    1
125   834    68    79  0.268939  {0,2,0}     32    1
38    836   104   106  0.057873  {0,1,0}     25    0
15    837   115   116  0.492131  {0,2,0}     21    1
105   838     9    10  0.224550  {0,1,0}     28    0
85    858    78    79  0.005121  {0,1,1}     22    1
7     863   192   193  0.400671  {0,3,0}     20    0
83    863    35    36  0.479127  {1,0,0}     23    1
106   867   103   104  0.789271  {1,1,0}     39    1
65    868   212   243  0.986350  {0,2,0}     26    0
103   873   139   140  0.694592  {0,1,0}     26    1
75    882   105   117  0.718745  {1,1,0}     28    1
68    885   128   129  0.186566  {1,0,0}     30    1
14    891    98   130  0.220855  {0,1,0}     20    1
53    898    96    97  0.839609  {0,3,0}     37    0
36    921   103   104  0.182463  {0,1,0}     20    0
35    922    18    20  0.047679  {0,0,1}     32    0
77    931    73    74  0.477016  {0,1,0}     31    0
48    935   153   156  0.048117  {0,3,0}     34    0
9     941   103   113  0.434792  {0,1,0}     33    1
49    943    19    20  0.300324  {0,1,0}     28    1
44    944    17    22  0.171877  {0,1,0}     25    1
16    947    26    28  0.025874  {0,1,0}     31    0
119   949     5    26  0.222433  {0,1,0}     29    0
60    962   120   154  0.078101  {0,2,0}     33    1
24    973   232   234  0.538113  {1,0,0}     37    1
76    999   174   175  0.888785  {1,1,0}     22    1
104  1011    66    68  0.482461  {0,3,0}     31    1
1    1017   116   118  0.809571  {0,2,0}     32    0
8    1020    13    14  0.594883  {0,1,0}     38    0
56   1035   100   101  0.325093  {1,0,0}     33    1
93   1066    73    74  0.739958  {0,3,0}     39    0
66   1079   146   147  0.254797  {0,3,0}     31    0
100  1086   184   185  0.280761  {0,1,1}     37    1
22   1096    61    62  0.358914  {1,3,0}     28    1
113  1104    80    88  0.521628  {0,2,0}     21    0
101  1105   246   247  0.677210  {0,1,0}     26    1
34   1106   100   111  0.416034  {1,3,0}     40    1
92   1108   124   151  0.390580  {0,2,0}     37    1
39   1118   197   198  0.810487  {0,1,1}     25    0
87   1120    50    53  0.950412  {0,0,1}     20    0
110  1148   185   186  0.768595  {0,2,0}     30    1
71   1156   115   116  0.258423  {0,0,1}     39    1
27   1161   146   147  0.315861  {0,1,0}     29    0
17   1191     5     6  0.175780  {0,3,0}     28    0
10   1193     7     8  0.256522  {0,1,0}     23    0
91   1200   207   208  0.844671  {1,1,0}     23    1
54   1206   240   242  0.113665  {1,0,0}     38    1
32   1226   167   175  0.246270  {0,2,0}     37    0
31   1281    81    82  0.155644  {0,2,0}     31    1
70   1287    62    63  0.278042  {0,3,0}     23    1
72   1301   134   146  0.240737  {0,2,0}     33    1
89   1306    10    41  0.930204  {1,1,0}     34    1
59   1306   242   245  0.535160  {1,1,0}     29    1
81   1307   107   108  0.888482  {0,1,1}     36    1
109  1324   144   145  0.456298  {1,1,0}     23    1
69   1368   244   249  0.714206  {0,2,0}     32    1
63   1368   232   233  0.614570  {0,1,0}     39    0
126  1370    51    52  0.693205  {1,1,0}     28    1
18   1375   162   167  0.601699  {1,1,0}     38    1
42   1384   199   202  0.723502  {0,0,1}     20    0
84   1388   121   122  0.168694  {0,1,1}     28    1
78   1412    66    68  0.621086  {0,0,1}     37    0
88   1426   150   151  0.303736  {0,1,0}     26    0
61   1426    98    99  0.855227  {0,3,0}     29    1
