map EGL-G2-D
fac 5 10 {0,170,159,12,122}
hosp 3 {0,169,41}
n_ALS 7 1 {2:0,2:170,1:159,2:12}
n_BLS 22 1 {6:0,3:170,4:159,5:12,4:122}
n_CLS 8 0 {2:0,1:170,1:159,1:12,3:122}
      c_m  head  tail      c_af      c_d  c_tau  c_h
15     43   170   174  0.423881  {0,2,0}     29    0
19     75    97    98  0.155599  {0,3,0}     25    1
105    87   116   123  0.575134  {0,1,0}     22    0
84     93   116   123  0.939244  {0,2,0}     33    0
120   132   250   251  0.934865  {0,1,0}     32    0
108   186    43    45  0.303003  {1,0,0}     21    1
68    190    90    92  0.176313  {0,3,0}     38    0
82    192   181   182  0.398877  {0,2,0}     31    1
103   229    30    33  0.407611  {0,1,0}     27    1
91    275   239   244  0.921155  {0,2,0}     39    0
72    332   178   179  0.648229  {0,1,0}     39    1
53    347    40    41  0.313258  {1,0,0}     21    1
32    379    49    56  0.516043  {0,1,0}     26    0
23    391    99   100  0.457888  {1,1,0}     29    1
44    413   179   180  0.863977  {1,1,0}     26    1
116   446   156   162  0.343747  {0,1,0}     38    1
8     464   231   232  0.613481  {1,1,0}     29    1
36    474    31    32  0.293464  {1,0,0}     39    1
29    497   171   172  0.792743  {0,1,0}     39    1
87    506    82    85  0.461045  {0,1,1}     20    1
30    515    39    52  0.397011  {0,2,0}     31    1
64    524     1    12  0.228042  {1,1,0}     36    1
73    526    37    75  0.963597  {0,1,0}     24    0
102   528   113   115  0.771032  {0,1,0}     25    0
98    532     5     6  0.930248  {0,3,0}     26    0
66    541   219   223  0.147455  {1,1,0}     22    1
58    541    89    97  0.886733  {1,0,0}     28    1
93    542    61    62  0.257724  {0,1,0}     31    0
24    551   166   167  0.268019  {0,1,0}     39    1
117   552    36    38  0.387644  {0,2,0}     30    0
74    552   205   208  0.212636  {0,1,0}     34    0
42    554   138   139  0.069790  {0,1,0}     36    1
7     573   223   224  0.779596  {0,1,0}     40    1
14    579    70    71  0.877185  {1,1,0}     34    1
4     596    70    79  0.566904  {0,3,0}     24    1
1     599   179   183  0.873134  {0,3,0}     35    0
78    601    69    80  0.768690  {0,0,1}     27    1
67    611   150   151  0.471593  {0,3,0}     38    1
34    612    54    55  0.474929  {0,3,0}     30    1
57    619    37    75  0.399287  {0,3,0}     32    1
25    619    91    92  0.230920  {0,0,1}     37    1
28    627    96    98  0.524780  {1,0,0}     32    1
61    635    15    17  0.743622  {0,0,1}     31    0
71    644   245   246  0.156095  {1,0,0}     25    1
99    674    96    98  0.588886  {0,2,0}     22    0
55    677   213   215  0.913434  {0,1,0}     22    1
95    679   252   253  0.949797  {0,1,0}     27    0
70    679   218   250  0.954625  {1,1,0}     36    1
106   687   103   104  0.475193  {0,1,1}     24    1
63    692   107   108  0.768138  {1,1,0}     23    1
77    714    68    69  0.858146  {0,1,0}     29    1
56    715   133   134  0.969131  {1,1,0}     27    0
114   731   102   111  0.125510  {1,0,0}     30    1
16    731    10    41  0.384127  {1,1,0}     22    1
31    754   164   165  0.664229  {0,2,0}     37    0
118   755   227   229  0.545623  {1,3,0}     21    1
48    760   233   234  0.502469  {0,3,0}     26    0
6     769   122   123  0.277414  {0,1,0}     28    0
126   778   164   169  0.297894  {0,1,1}     38    0
104   781    99   100  0.123277  {0,3,0}     23    1
39    781    11    42  0.486838  {1,0,0}     33    1
54    782    11    42  0.160604  {0,1,0}     22    1
18    784   170   171  0.711351  {1,1,0}     22    1
51    785   146   147  0.326166  {1,0,0}     22    1
2     791   252   253  0.346717  {0,2,0}     21    0
90    793    31    38  0.251112  {0,1,0}     35    1
62    808   152   153  0.845879  {1,0,0}     24    1
22    816   190   192  0.476143  {0,1,0}     37    1
3     817   127   128  0.142529  {0,0,1}     28    0
59    822    45    46  0.307977  {0,1,1}     23    0
89    826   174   189  0.759307  {0,3,0}     30    1
21    827    39    52  0.362333  {1,0,0}     26    1
60    848   253   254  0.676432  {0,1,1}     24    0
83    855   226   251  0.333820  {0,0,1}     40    1
127   863    61    65  0.910469  {0,2,0}     36    0
124   867   101   102  0.826760  {0,1,1}     21    0
81    874   157   161  0.632757  {0,0,1}     24    0
113   881    39    52  0.464081  {0,1,0}     29    1
12    909   117   118  0.002270  {0,3,0}     39    0
46    918   243   245  0.565640  {0,3,0}     35    1
37    936   186   198  0.733799  {0,1,1}     28    1
0     952   226   251  0.926074  {0,1,0}     40    0
13    956   127   128  0.965680  {0,1,1}     33    1
110   957   140   142  0.237040  {1,1,0}     23    1
33    967   131   132  0.756579  {0,2,0}     24    1
107   971   247   248  0.359768  {0,2,0}     23    1
40    977   122   124  0.861734  {1,0,0}     29    1
80    984   184   188  0.513090  {1,0,0}     30    1
85    988   240   241  0.560578  {0,3,0}     39    1
123   996    61    62  0.368867  {0,2,0}     40    0
76   1003    91    92  0.699951  {0,1,1}     31    0
79   1010    97   115  0.427598  {0,0,1}     24    0
111  1019   233   235  0.310779  {1,1,0}     30    1
86   1020    71    73  0.134799  {1,1,0}     24    1
9    1031     8    33  0.999685  {0,2,0}     36    1
75   1033   141   142  0.609614  {1,1,0}     20    1
26   1038   109   110  0.681528  {1,0,0}     28    1
112  1075   196   197  0.253644  {0,1,0}     29    0
92   1076   105   106  0.249995  {0,3,0}     27    0
41   1085    76    77  0.069594  {0,2,0}     36    0
121  1096   197   200  0.205846  {0,3,0}     29    0
20   1100   247   248  0.493549  {1,0,0}     23    1
119  1121   217   219  0.071510  {1,1,0}     31    1
5    1121    41    51  0.733571  {1,0,0}     28    1
69   1129   243   245  0.225313  {0,3,0}     36    1
10   1168   218   225  0.824862  {1,1,0}     21    1
49   1174    57    61  0.629155  {0,1,0}     35    1
115  1180   205   208  0.168181  {0,1,0}     21    0
100  1194   234   235  0.183336  {1,1,0}     20    1
43   1196    97    98  0.886483  {0,1,0}     36    1
97   1206     3    23  0.367758  {1,0,0}     37    1
96   1212   216   217  0.110973  {0,1,0}     28    1
47   1218   205   208  0.122110  {1,0,0}     37    1
109  1258   194   242  0.604398  {0,0,1}     22    1
27   1267   197   199  0.301758  {1,0,0}     28    1
52   1288   117   119  0.007787  {1,1,0}     30    0
11   1295    36    37  0.720446  {0,3,0}     38    1
94   1301    59    72  0.829952  {1,1,0}     33    1
45   1302    73    74  0.326917  {0,2,0}     23    1
125  1307    30    33  0.325308  {0,0,1}     21    1
65   1344    69    80  0.788874  {0,2,0}     23    1
122  1349   226   251  0.176799  {0,3,0}     28    1
101  1364   202   203  0.871243  {0,1,0}     25    0
88   1372   233   234  0.707925  {0,0,1}     35    1
50   1377   208   209  0.404612  {0,3,0}     21    1
38   1387     9    10  0.823313  {1,2,0}     27    1
17   1406   165   166  0.310211  {0,0,1}     35    0
35   1406     8    33  0.487403  {1,0,0}     39    1
