map EGL-G1-D
fac 5 10 {0,2,141,147,152}
hosp 2 {0,239}
n_ALS 5 1 {2:0,1:2,2:147}
n_BLS 22 1 {1:0,4:2,8:141,1:147,8:152}
n_CLS 6 0 {1:0,4:2,1:152}
      c_m  head  tail      c_af      c_d  c_tau  c_h
79     17    39    40  0.218405  {0,2,0}     20    0
70     26   231   232  0.253391  {0,1,1}     26    0
86    123   132   133  0.750849  {0,3,0}     24    0
33    124     1     2  0.478761  {1,1,0}     34    1
119   126    46    47  0.774068  {0,0,1}     21    1
66    184    34    41  0.026730  {0,1,0}     24    0
118   193   193   194  0.739741  {0,1,0}     27    1
16    214    75    77  0.140705  {0,1,0}     28    0
82    215    45    64  0.944782  {0,2,0}     38    1
115   234     9    34  0.000912  {1,1,0}     23    1
109   278   123   124  0.841123  {0,0,1}     23    0
116   294    98   131  0.417037  {1,0,0}     20    1
94    300   120   121  0.706208  {0,2,0}     37    0
6     300    88    89  0.831230  {0,2,0}     21    0
122   301   154   155  0.708247  {0,1,0}     33    1
112   320    96   111  0.937313  {0,1,1}     35    1
90    322    31    38  0.459915  {0,2,0}     36    1
103   334    78    79  0.406692  {1,0,0}     34    1
15    370    65    66  0.033067  {0,3,0}     31    1
91    379    36    37  0.170817  {0,1,0}     29    0
111   382    37    74  0.245837  {0,1,1}     20    1
8     388    47    48  0.542899  {0,1,0}     24    1
7     412   160   163  0.148393  {0,1,1}     25    1
60    438   146   147  0.613958  {0,2,0}     38    0
30    438     6     7  0.193042  {0,2,0}     33    0
108   439   226   231  0.981011  {1,0,0}     29    1
39    440   127   138  0.668706  {1,1,0}     30    1
4     469    86    87  0.192353  {0,1,0}     36    0
49    473   162   167  0.020316  {0,1,0}     34    0
19    504   152   153  0.234181  {0,0,1}     40    0
37    507   104   105  0.332280  {0,1,0}     30    1
113   534   108   109  0.524690  {0,3,0}     38    1
46    558   198   199  0.468700  {0,2,0}     38    1
120   565     4    22  0.429364  {1,0,0}     24    1
41    592   101   110  0.365597  {0,1,0}     36    1
72    595   114   115  0.713295  {0,1,1}     28    1
71    604   115   122  0.734236  {0,3,0}     35    0
57    610   178   183  0.458257  {1,1,0}     20    1
75    627   219   221  0.917907  {0,1,0}     33    0
21    635    80    81  0.454011  {0,1,0}     34    1
47    639   119   169  0.234516  {1,0,0}     26    1
98    639   191   194  0.760281  {0,0,1}     39    0
101   649    65    92  0.712441  {1,0,0}     27    1
83    670   151   152  0.431713  {0,3,0}     30    1
102   674    73    75  0.515537  {0,2,0}     33    1
32    695    90    95  0.256339  {0,0,1}     26    1
58    698   237   240  0.682111  {1,1,0}     39    1
97    703     8    33  0.130305  {0,1,1}     30    0
84    720    12    16  0.349533  {1,1,0}     21    1
52    735    95    97  0.793115  {1,0,0}     40    1
81    738    93    94  0.397118  {1,1,0}     23    1
93    757   104   105  0.732260  {0,2,0}     20    0
64    767    22    24  0.534464  {1,0,0}     33    1
2     775    93    94  0.526355  {1,1,0}     28    1
62    800   207   209  0.209180  {1,1,0}     29    1
50    806    32    34  0.192460  {1,0,0}     20    1
22    808   161   162  0.984161  {0,0,1}     22    1
106   817    47    48  0.965709  {0,1,0}     28    0
24    823    80    88  0.824128  {0,1,0}     35    1
42    847    98   130  0.340355  {1,0,0}     33    1
1     852    98    99  0.114309  {0,2,0}     26    0
78    856    63    64  0.252862  {1,1,0}     37    1
126   866   105   117  0.815912  {1,2,0}     39    0
10    876   198   200  0.538785  {1,0,0}     22    1
107   884    32    33  0.566193  {0,2,0}     33    0
92    898   115   116  0.571983  {1,1,0}     28    1
35    909   240   242  0.547078  {0,1,1}     39    1
100   919   188   189  0.452900  {0,3,0}     35    1
117   919   138   139  0.133553  {0,1,0}     25    1
29    928    90    95  0.448971  {0,1,1}     39    1
96    930   195   197  0.237830  {1,0,0}     34    1
14    933    39    52  0.221617  {1,1,0}     28    1
12    939   185   192  0.319362  {1,1,0}     25    1
105   942   202   203  0.621061  {0,1,0}     27    1
114   943     3     4  0.184669  {1,0,0}     21    1
11    953    80    81  0.187717  {0,3,0}     36    0
53    969   243   244  0.383118  {1,1,0}     35    1
34    977   164   165  0.342596  {0,1,0}     31    1
44    986   167   175  0.056875  {0,1,0}     21    1
73    991    23   229  0.711941  {0,0,1}     22    0
121   994   125   126  0.025133  {1,0,0}     27    1
9     998     7    30  0.016976  {0,1,0}     22    1
59   1000   102   103  0.432038  {0,1,0}     24    1
61   1002   178   182  0.294524  {0,1,0}     26    1
38   1009   153   156  0.306096  {0,2,0}     36    0
63   1013   156   160  0.705778  {0,2,0}     24    0
48   1018   185   192  0.380180  {0,1,0}     30    0
26   1018    27    28  0.052854  {0,1,0}     38    1
18   1018   101   110  0.992626  {1,1,0}     39    1
0    1033   157   159  0.192971  {0,1,0}     20    1
124  1037    13    14  0.057827  {0,2,0}     36    1
56   1041   184   185  0.692938  {1,0,0}     21    1
127  1044    65    66  0.802385  {0,1,1}     37    0
65   1068    98   131  0.432533  {0,3,0}     36    1
20   1079   244   245  0.240741  {1,0,0}     27    1
88   1081   166   167  0.255033  {0,2,0}     28    1
17   1092   166   167  0.222031  {0,0,1}     28    1
27   1100    18    20  0.846851  {0,2,0}     33    1
69   1103    43    46  0.163116  {0,2,0}     25    1
89   1114   245   246  0.329726  {0,1,0}     24    1
3    1130   151   152  0.930527  {0,2,0}     27    0
125  1137     2    14  0.542048  {0,1,0}     27    1
5    1140   234   236  0.209232  {0,0,1}     38    1
23   1166   188   189  0.494241  {0,2,0}     22    1
45   1180   152   153  0.331782  {0,2,0}     40    1
13   1193   101   110  0.656187  {0,3,0}     32    0
77   1204    41    51  0.308008  {1,1,0}     29    1
51   1236    83    84  0.347810  {1,1,0}     22    1
43   1251   110   113  0.872844  {1,1,0}     23    1
74   1257   220   222  0.034915  {1,1,0}     28    1
67   1264   185   186  0.286967  {1,2,0}     39    1
85   1264   158   159  0.713334  {1,1,0}     28    0
54   1265    54    55  0.336345  {0,1,0}     22    1
31   1276    83    85  0.396337  {0,2,0}     35    0
123  1288   210   211  0.867101  {0,3,0}     30    0
95   1294    58    59  0.213736  {0,2,0}     32    0
99   1307   103   104  0.012040  {1,0,0}     26    1
36   1313     9    34  0.591089  {0,1,1}     28    1
55   1315   103   104  0.394925  {0,1,0}     20    1
40   1318    41    51  0.911491  {0,2,0}     40    0
110  1325   158   160  0.923583  {0,1,0}     36    0
87   1341    65    92  0.951981  {0,2,0}     33    1
25   1379   189   190  0.624533  {0,2,0}     35    0
104  1388    23   229  0.992543  {0,2,0}     26    0
68   1413   178   183  0.386014  {0,0,1}     23    1
76   1424   141   142  0.528260  {1,3,0}     25    1
28   1425   215   216  0.017891  {0,2,0}     36    0
80   1428    16    17  0.621449  {0,2,0}     38    0
