map EGL-G1-D
fac 5 10 {0,207,231,15,23}
hosp 1 {0}
n_ALS 6 1 {1:0,3:207,1:231,1:15}
n_BLS 19 1 {3:0,4:207,8:231,3:15,1:23}
n_CLS 9 0 {2:0,3:207,1:231,2:15,1:23}
      c_m  head  tail      c_af      c_d  c_tau  c_h
8       2   129   130  0.839267  {0,3,0}     36    0
43     67   203   210  0.424755  {1,2,0}     36    1
38    106    51    52  0.707080  {0,1,0}     30    1
89    114   210   212  0.316174  {0,1,0}     38    1
100   128   139   140  0.111242  {1,2,0}     20    1
80    158   153   157  0.724760  {0,1,0}     28    0
32    158   196   197  0.414172  {0,0,1}     35    1
51    159    91    92  0.359853  {0,0,1}     37    0
99    187   196   203  0.261124  {0,1,0}     21    1
91    213   176   180  0.268674  {0,3,0}     23    0
40    229   116   120  0.939434  {0,0,1}     22    1
121   243   146   147  0.240383  {0,2,0}     28    0
12    252   228   229  0.797739  {1,0,0}     24    1
85    281   136   137  0.615452  {1,1,0}     35    1
111   283   151   154  0.846993  {0,1,1}     34    1
88    286    81    82  0.893431  {0,1,0}     30    1
17    309   161   162  0.741601  {0,1,0}     40    0
55    338   139   140  0.246927  {0,2,0}     29    0
95    369    59    60  0.156221  {0,2,0}     39    1
70    388   219   221  0.354529  {0,1,0}     34    0
15    400   144   147  0.801656  {0,0,1}     40    0
14    403   118   119  0.006557  {0,0,1}     37    1
119   432    19    20  0.020903  {0,2,0}     29    1
124   435   225   248  0.830376  {0,0,1}     29    0
61    443   190   192  0.756146  {0,0,1}     39    0
67    445    12    16  0.264360  {0,1,0}     23    1
75    448   127   128  0.409086  {1,1,0}     29    1
26    468    71    72  0.250524  {0,1,0}     28    0
77    473   137   138  0.173276  {1,1,0}     22    1
6     479    12    16  0.620811  {0,3,0}     23    1
90    502   195   196  0.794016  {0,1,0}     32    1
33    503    49    50  0.387928  {0,3,0}     31    0
79    513   219   221  0.139568  {0,1,0}     27    1
125   524    79    80  0.037312  {1,1,0}     38    1
113   542   124   151  0.997151  {0,2,0}     24    0
126   550    23    86  0.259073  {0,1,1}     27    1
94    558    43    46  0.933137  {1,1,0}     33    1
86    567    53    55  0.499576  {0,3,0}     35    1
59    588   210   212  0.885893  {0,3,0}     35    1
18    594   204   209  0.040929  {0,1,1}     34    0
20    600   141   142  0.074524  {0,1,1}     33    0
97    608    88    89  0.089632  {0,1,0}     25    0
31    611   152   153  0.764016  {0,3,0}     20    1
92    612    15    17  0.400591  {1,0,0}     36    1
27    617   245   246  0.623818  {1,1,0}     24    1
57    618    37    74  0.256761  {1,1,0}     28    1
122   619    97   126  0.230536  {0,2,0}     33    0
117   626    12    16  0.626731  {1,1,0}     30    1
34    630   131   132  0.000819  {0,2,0}     29    1
104   642    41    51  0.548846  {1,1,0}     40    1
115   648    60    67  0.044173  {1,1,0}     35    1
22    648    53    55  0.802118  {1,1,0}     23    1
101   651    32    33  0.378463  {0,3,0}     40    0
120   663   175   176  0.055746  {1,0,0}     40    1
65    664   195   196  0.420535  {0,1,0}     22    1
58    664    83    84  0.446274  {1,0,0}     29    1
45    681   243   244  0.537237  {0,2,0}     39    1
7     687   131   132  0.713008  {0,1,0}     28    1
63    689     3    15  0.899718  {0,3,0}     34    1
118   693    43    46  0.274365  {0,1,1}     22    0
16    699   204   209  0.887553  {0,3,0}     32    1
10    723   203   210  0.488069  {0,1,0}     30    1
54    740   226   227  0.940838  {0,1,0}     22    0
108   759   207   208  0.450223  {0,1,1}     29    1
109   764    36    38  0.222029  {0,2,0}     29    0
106   766    96   111  0.872758  {1,0,0}     29    1
44    774    65    91  0.608015  {0,1,0}     31    1
64    798   103   113  0.889682  {0,3,0}     20    1
21    811    10    11  0.748029  {0,2,0}     29    1
76    817    68    69  0.163457  {0,2,0}     39    1
82    819   119   169  0.034388  {0,2,0}     32    1
52    823   123   124  0.070219  {1,1,0}     35    1
42    824   211   212  0.171727  {0,2,0}     36    1
72    827   229   230  0.417126  {0,1,1}     22    1
23    845   198   200  0.444004  {0,3,0}     27    1
81    857   119   169  0.780727  {0,1,0}     36    1
69    862    90    95  0.527023  {1,1,0}     27    1
96    871   129   136  0.970566  {0,1,0}     20    1
5     893    39    40  0.399949  {0,2,0}     27    0
3     924    32    34  0.150497  {0,2,0}     31    1
9     931   153   156  0.172764  {0,1,0}     33    1
50    945   154   155  0.921754  {1,1,0}     30    1
62    960   121   122  0.238552  {0,1,0}     37    1
47    971   185   192  0.717080  {1,3,0}     20    1
4     972    90    95  0.642679  {0,3,0}     39    0
36    972   212   243  0.444121  {0,2,0}     31    0
105   989     2    14  0.173154  {1,1,0}     24    1
49   1004    11    42  0.304504  {0,2,0}     26    1
28   1018   185   186  0.929693  {0,1,0}     33    1
98   1030    43    44  0.936025  {0,3,0}     30    1
73   1064   213   214  0.624651  {1,1,0}     23    1
60   1065   124   125  0.728022  {0,0,1}     30    0
53   1074   103   104  0.643486  {0,3,0}     30    1
35   1077    26    28  0.644611  {0,2,0}     24    1
39   1094   125   126  0.897069  {0,1,1}     27    1
1    1110   149   150  0.786217  {1,1,0}     23    1
123  1113    50    51  0.403717  {1,1,0}     21    1
48   1122    10    11  0.491575  {0,3,0}     23    1
103  1123    49    56  0.586139  {0,1,0}     27    1
0    1131   132   134  0.467696  {0,1,0}     20    1
37   1131    26    28  0.745677  {1,1,0}     20    1
68   1140   158   160  0.154939  {0,3,0}     24    1
114  1141    35    36  0.617875  {0,1,0}     28    1
87   1142   163   164  0.101750  {0,1,1}     34    1
71   1142   176   179  0.020055  {0,2,0}     34    1
112  1168   105   107  0.151119  {0,1,0}     35    1
116  1179    43    44  0.864261  {0,2,0}     30    1
110  1179   157   158  0.382078  {0,1,0}     21    0
46   1187    22    24  0.981508  {0,1,0}     34    0
29   1204   141   142  0.166864  {0,0,1}     29    1
102  1204    47    64  0.687506  {0,2,0}     31    1
19   1206    71    72  0.697051  {0,2,0}     32    0
30   1221   169   173  0.262071  {0,1,0}     22    1
84   1242   202   204  0.982393  {1,2,0}     31    1
2    1255   124   149  0.704038  {1,1,0}     22    1
74   1272   192   193  0.453179  {1,0,0}     37    1
56   1274    69    78  0.894026  {0,2,0}     24    1
127  1281    51    52  0.499663  {0,1,0}     33    0
25   1323   177   178  0.493703  {0,1,0}     35    1
66   1325   203   210  0.350376  {1,1,0}     27    1
83   1331    84   100  0.406700  {0,1,0}     30    1
93   1342    93    94  0.661810  {0,2,0}     33    0
11   1354   118   119  0.322325  {1,0,0}     26    1
78   1366   124   125  0.684006  {0,2,0}     27    0
24   1369   188   189  0.032160  {0,0,1}     20    1
41   1387   127   128  0.017382  {0,1,0}     25    0
13   1402     1     2  0.910821  {0,2,0}     35    1
107  1418    96    97  0.103245  {0,3,0}     33    1
