map EGL-G1-B
fac 5 10 {0,98,121,57,7}
hosp 1 {0}
n_ALS 8 1 {4:0,1:98,2:57,1:7}
n_BLS 19 1 {6:98,2:121,4:57,7:7}
n_CLS 5 0 {2:98,1:121,1:57,1:7}
      c_m  head  tail      c_af      c_d  c_tau  c_h
22     32    45    64  0.399592  {0,2,0}     24    0
69     39   101   102  0.015862  {1,0,0}     26    1
0      39   152   153  0.995852  {0,1,1}     30    1
47     55    53    55  0.519642  {0,3,0}     40    1
100    83   118   119  0.702745  {0,0,1}     28    1
41    165   102   103  0.527285  {0,3,0}     37    1
58    195   228   230  0.225236  {1,1,0}     22    1
98    211    77    81  0.065504  {1,1,0}     38    1
8     237    54    55  0.732004  {1,0,0}     27    1
6     256    93    94  0.507776  {0,2,0}     35    0
31    256     6    27  0.383125  {1,2,0}     26    1
89    286    94    98  0.554029  {1,0,0}     21    1
81    372   242   245  0.108833  {0,3,0}     34    0
114   390   131   132  0.149563  {0,1,0}     39    0
83    411    89    90  0.191029  {0,3,0}     40    1
82    412    17    22  0.591884  {0,1,0}     24    1
39    435    98   130  0.498682  {0,1,1}     29    0
92    437   240   241  0.376385  {0,1,0}     28    1
73    488   219   221  0.234744  {0,1,0}     26    1
74    513    72    73  0.892531  {0,2,0}     30    0
63    517    53    55  0.180632  {0,1,0}     34    0
87    524    67    68  0.845309  {0,2,0}     25    1
4     530   107   108  0.150022  {0,3,0}     36    1
97    544   115   116  0.294853  {0,1,0}     31    1
101   548     9    34  0.484156  {0,2,0}     26    1
118   571    60    67  0.357879  {1,1,0}     40    1
91    580   116   118  0.737559  {0,1,1}     35    1
117   593    98   130  0.900498  {0,3,0}     36    0
80    598    30    33  0.947074  {1,1,0}     23    1
75    606    65    91  0.391332  {1,1,0}     25    1
45    607    37    74  0.991914  {0,1,0}     34    1
68    610   237   240  0.715220  {0,1,0}     38    1
110   619   131   132  0.342740  {1,0,0}     21    1
103   628    70    72  0.426878  {1,1,0}     29    1
120   632   246   248  0.703033  {1,0,0}     37    1
50    638    73    75  0.861887  {0,3,0}     29    1
55    640   232   233  0.212847  {1,0,0}     37    1
24    647   127   128  0.619437  {1,1,0}     23    1
32    651   196   197  0.183911  {1,1,0}     36    1
26    653    41    51  0.220294  {1,0,0}     38    1
99    655   171   172  0.789646  {0,2,0}     30    0
116   664   149   150  0.455520  {0,1,0}     39    1
122   665   173   181  0.286988  {0,3,0}     25    0
5     668    42    43  0.548712  {0,1,0}     26    0
64    676   223   224  0.120744  {0,3,0}     23    1
23    695   121   122  0.239993  {0,2,0}     40    1
88    696    39    72  0.254215  {0,3,0}     21    0
14    719     7    30  0.611420  {0,1,0}     28    0
18    734   184   185  0.132197  {0,0,1}     35    1
65    739   145   146  0.169912  {0,1,1}     25    0
35    739   105   117  0.467091  {0,1,0}     40    1
20    753   112   113  0.048741  {0,2,0}     40    0
17    765   105   117  0.392559  {1,1,0}     34    1
106   778   240   241  0.774586  {0,1,1}     20    1
115   783   155   156  0.484487  {0,1,0}     21    0
13    790    23   170  0.691160  {1,0,0}     38    1
30    791    83    85  0.938546  {1,1,0}     28    1
113   802   173   181  0.070367  {0,1,0}     40    1
29    811    63    64  0.406030  {0,1,1}     30    0
61    836   107   108  0.314295  {1,0,0}     32    1
16    837    72    73  0.025962  {0,2,0}     30    0
11    843    60    67  0.404251  {0,2,0}     23    1
127   849   117   118  0.535289  {0,1,1}     26    0
9     853   169   170  0.896384  {0,2,0}     36    0
33    867   102   110  0.595271  {0,2,0}     29    1
34    876   191   194  0.123241  {0,3,0}     20    1
107   876   242   245  0.028836  {0,2,0}     37    1
112   879    66    67  0.591475  {1,0,0}     25    1
76    896    58    59  0.400947  {0,2,0}     22    1
102   900   130   131  0.045981  {0,1,0}     35    1
77    909    89    91  0.602716  {1,0,0}     38    1
12    918    81    82  0.774112  {0,1,1}     31    0
108   920   245   246  0.189484  {0,0,1}     33    1
1     926   142   143  0.917954  {0,2,0}     30    0
38    938    12    13  0.534468  {0,3,0}     32    1
72    955   146   147  0.121135  {0,3,0}     25    0
46    961   242   245  0.805379  {0,3,0}     34    1
62    964   211   212  0.789401  {0,3,0}     20    0
57    964    84   100  0.641071  {0,3,0}     39    0
27    973   132   133  0.867566  {0,1,0}     36    0
125   976    20    21  0.958448  {0,0,1}     31    1
25    985    54    55  0.599069  {1,0,0}     26    1
124   987   185   186  0.810136  {1,1,0}     31    1
60   1005    17    19  0.079963  {0,2,0}     29    1
48   1009   146   147  0.446887  {0,1,0}     32    1
104  1012    67    68  0.882971  {0,1,0}     29    0
126  1015    11    42  0.100573  {1,1,0}     24    1
93   1020   202   203  0.427383  {0,2,0}     39    0
85   1026   147   148  0.779365  {0,1,1}     39    1
78   1028    97   126  0.793045  {0,2,0}     33    1
123  1029   103   104  0.548739  {0,1,0}     26    1
67   1039    25    26  0.877661  {0,1,0}     29    0
109  1044   197   198  0.363651  {0,2,0}     21    1
90   1061   107   108  0.953660  {1,0,0}     24    1
15   1063   129   136  0.933759  {1,0,0}     31    1
105  1065   157   158  0.812696  {0,1,1}     35    0
42   1067    65    66  0.278736  {0,2,0}     21    1
3    1072   238   239  0.632368  {1,0,0}     39    1
52   1079   178   183  0.356688  {0,2,0}     32    0
28   1122    23    86  0.276906  {1,1,0}     20    1
94   1131   101   110  0.782618  {0,3,0}     31    0
66   1135   226   231  0.721067  {1,0,0}     25    1
119  1139   244   249  0.988643  {0,1,0}     24    1
53   1143    27    30  0.782882  {1,0,0}     31    1
54   1164    96   111  0.789753  {0,2,0}     22    1
56   1168   155   161  0.561124  {0,2,0}     24    0
40   1184   165   174  0.557139  {0,0,1}     25    1
21   1186    15    17  0.219566  {1,1,0}     39    1
7    1205   105   107  0.032673  {0,1,0}     20    1
96   1217   176   180  0.972798  {0,1,0}     31    1
36   1218     9    34  0.600084  {0,1,0}     29    0
70   1222    38    40  0.013958  {0,1,0}     28    0
121  1222   134   135  0.027561  {0,1,0}     33    1
86   1223   189   241  0.129936  {0,3,0}     39    1
59   1224   104   106  0.419675  {0,2,0}     24    0
95   1227    23   149  0.066795  {1,1,0}     32    1
44   1263    48    57  0.910380  {0,2,0}     30    1
19   1270   125   126  0.617477  {1,0,0}     34    1
10   1271    54    55  0.691971  {0,3,0}     36    1
71   1308   234   235  0.169748  {0,2,0}     32    0
37   1337   156   160  0.973680  {1,1,0}     32    1
84   1342    10    11  0.130569  {0,0,1}     21    1
43   1356    36    38  0.259046  {0,1,1}     27    0
79   1376    36    38  0.309590  {0,2,0}     32    1
111  1377   121   123  0.351398  {1,1,0}     26    1
2    1392    54    55  0.170218  {0,1,0}     39    0
49   1416     3     4  0.661937  {1,1,0}     24    1
51   1434    88    89  0.845886  {0,2,0}     20    1
