map EGL-G1-D
fac 5 10 {0,155,222,137,5}
hosp 3 {0,180,155}
n_ALS 9 1 {1:155,1:222,3:137,4:5}
n_BLS 22 1 {4:0,5:155,5:222,3:137,5:5}
n_CLS 7 0 {2:155,2:222,3:137}
      c_m  head  tail      c_af      c_d  c_tau  c_h
58      7   152   153  0.602719  {0,2,0}     35    0
59     13    70    72  0.612681  {0,1,0}     22    1
102    20    17    19  0.816100  {0,1,0}     35    0
30     45   231   232  0.807855  {0,1,1}     25    1
114    53     5     6  0.542995  {0,0,1}     26    1
107    69   184   185  0.444176  {0,1,0}     30    1
116    81   134   146  0.564482  {1,0,0}     25    1
119   108   160   164  0.007668  {0,2,0}     31    1
0     117    29    31  0.114239  {0,3,0}     22    1
62    129    85    86  0.152098  {0,2,0}     28    1
90    129    68    79  0.914459  {0,2,0}     36    1
14    182    49    56  0.016975  {0,3,0}     31    0
113   183     6     7  0.711265  {1,0,0}     20    1
42    214    43    44  0.733395  {0,3,0}     33    0
57    214   246   247  0.382045  {0,1,0}     22    1
83    240   176   179  0.102362  {1,1,0}     28    1
1     251   210   212  0.517977  {0,2,0}     24    0
52    272   204   209  0.983599  {1,1,0}     30    1
49    277    23    86  0.718889  {0,0,1}     28    1
31    305     3     4  0.881799  {0,2,0}     35    1
79    358   178   182  0.872365  {0,1,0}     40    1
9     359   178   179  0.201365  {0,2,0}     40    1
74    431    22    24  0.992711  {1,1,0}     23    1
22    448    70    71  0.531674  {0,2,0}     38    0
122   488   190   192  0.539764  {1,1,0}     24    1
48    495    56    57  0.916539  {0,1,0}     27    0
88    519   237   238  0.767764  {0,1,0}     37    1
35    542    22    24  0.889543  {0,2,0}     31    1
71    547   160   163  0.876063  {1,0,0}     21    1
115   562   151   154  0.494705  {0,1,1}     22    1
27    578   232   233  0.752766  {0,3,0}     27    1
123   580    69    78  0.007708  {1,0,0}     36    1
15    583   132   133  0.707734  {0,3,0}     26    1
81    588   186   187  0.018728  {1,0,0}     33    1
8     593    17    22  0.613250  {0,2,0}     39    1
64    594   223   224  0.839579  {0,3,0}     27    1
26    641   163   168  0.072814  {0,0,1}     23    1
39    662   237   238  0.323796  {0,1,1}     21    1
21    674   140   141  0.545760  {1,1,0}     25    1
40    675    17    19  0.410741  {0,1,0}     23    0
11    682    41    51  0.957588  {0,2,0}     36    0
24    686   132   134  0.245348  {0,2,0}     32    1
106   692   101   102  0.427106  {0,1,1}     25    1
85    693    63    64  0.427707  {1,2,0}     27    1
46    695     6     7  0.432340  {0,1,0}     33    1
34    702    10    41  0.005494  {1,0,0}     39    1
121   714   134   135  0.137524  {0,1,0}     33    1
124   715   127   128  0.442469  {0,2,0}     30    1
37    721   123   124  0.149875  {1,0,0}     21    1
65    722     8     9  0.269040  {0,2,0}     39    1
29    723   165   177  0.426975  {0,1,0}     31    1
126   736   129   136  0.013156  {0,1,0}     29    0
36    737   189   241  0.674051  {1,0,0}     37    1
28    743   246   248  0.682882  {0,0,1}     35    0
101   750    68    69  0.086870  {0,3,0}     39    1
105   768   186   187  0.037833  {0,1,0}     28    1
72    773    25    26  0.078008  {0,1,0}     38    1
67    776    47    48  0.801426  {0,2,0}     26    1
51    782    85    86  0.389428  {0,3,0}     23    1
78    783   167   175  0.290959  {0,1,0}     21    1
18    785    97   126  0.254990  {0,3,0}     24    0
33    802    73    74  0.155697  {0,1,0}     25    1
32    809   160   163  0.356345  {1,0,0}     23    1
10    819    43    45  0.934726  {1,0,0}     20    1
100   825   196   203  0.466029  {1,0,0}     31    1
6     839    13    14  0.591524  {0,2,0}     31    1
63    845    47    64  0.399705  {1,0,0}     29    1
19    845   111   112  0.698521  {0,3,0}     23    1
96    854   174   175  0.156948  {0,1,0}     31    1
104   860   175   176  0.200184  {1,1,0}     38    1
54    861   102   110  0.653890  {0,1,0}     31    0
17    870    23   149  0.626738  {0,1,0}     34    0
87    879    84   100  0.085868  {0,1,0}     27    1
118   887    28    29  0.367190  {1,0,0}     24    1
41    900   234   235  0.783751  {0,2,0}     27    1
13    906   213   216  0.522359  {0,2,0}     39    1
66    914    39    40  0.473647  {0,0,1}     26    1
73    916     1    12  0.860125  {0,3,0}     38    1
80    917   199   202  0.060620  {1,1,0}     23    1
7     923    34    41  0.126822  {1,2,0}     34    1
99    932   163   164  0.601757  {0,1,1}     25    1
44    949   212   243  0.216281  {0,2,0}     25    1
125   951    23   170  0.815305  {0,3,0}     33    1
95    953   157   158  0.069057  {0,1,0}     20    0
23    962   158   160  0.246024  {0,1,0}     21    0
120   962    68    79  0.838072  {0,2,0}     23    1
53    962    18    19  0.729405  {0,2,0}     20    0
61    972    19    20  0.504805  {1,0,0}     36    1
45    989   176   179  0.889283  {0,3,0}     30    0
112   989    59    60  0.439195  {0,1,0}     31    0
56    995    56    57  0.651422  {0,1,0}     37    0
98   1003   242   245  0.391286  {0,2,0}     34    1
69   1009    34    41  0.126716  {0,1,1}     28    1
93   1012   186   187  0.512240  {0,2,0}     36    0
70   1017     2    14  0.394211  {0,2,0}     21    1
89   1044   188   189  0.550564  {0,1,0}     29    1
68   1050   154   155  0.264627  {0,2,0}     36    0
127  1057   149   150  0.030098  {0,1,1}     22    1
94   1059    39    72  0.703399  {1,0,0}     20    1
2    1060    60    67  0.400370  {0,1,1}     28    1
84   1060   234   236  0.244194  {0,3,0}     21    0
50   1074   204   205  0.744940  {1,0,0}     34    1
82   1079   223   224  0.756750  {1,0,0}     29    1
110  1083   190   192  0.207562  {0,2,0}     20    1
117  1085    73    74  0.586606  {0,2,0}     34    1
108  1090   108   109  0.070590  {0,1,1}     32    0
12   1102     5    26  0.584938  {1,1,0}     36    1
86   1103   144   147  0.859497  {0,1,0}     21    0
20   1104    17    22  0.283624  {0,2,0}     25    1
76   1110   202   203  0.194150  {0,2,0}     25    0
77   1122    10    11  0.688421  {0,2,0}     39    0
111  1141   231   236  0.606421  {0,1,0}     39    0
109  1151    22    24  0.709743  {0,2,0}     22    1
103  1158   107   108  0.453290  {0,2,0}     20    1
3    1160   132   134  0.635315  {0,1,0}     20    0
91   1211    15    17  0.841750  {0,0,1}     28    1
38   1213     0     1  0.177955  {1,1,0}     38    1
75   1247   124   149  0.611478  {0,1,0}     24    1
92   1254   154   155  0.482019  {0,1,0}     24    0
4    1262    28    29  0.467378  {0,2,0}     34    1
16   1280   175   176  0.982917  {0,1,0}     33    0
5    1292    62    63  0.070510  {0,2,0}     30    1
60   1349   246   247  0.110903  {0,0,1}     20    1
25   1392    82    83  0.315104  {0,3,0}     24    1
47   1420   189   241  0.101558  {0,2,0}     30    0
43   1421   114   115  0.439916  {0,3,0}     21    0
97   1422   165   166  0.204406  {0,3,0}     36    0
55   1428    36    39  0.092330  {0,2,0}     33    1
