map EGL-G1-E
fac 5 10 {0,124,188,94,145}
hosp 3 {0,79,235}
n_ALS 8 1 {1:124,1:188,4:94,2:145}
n_BLS 16 1 {2:0,2:124,5:188,5:94,2:145}
n_CLS 5 0 {3:0,2:188}
      c_m  head  tail      c_af      c_d  c_tau  c_h
33      9   140   149  0.334385  {0,2,0}     38    0
28     18   184   185  0.247742  {0,1,0}     23    0
95     21   102   103  0.850293  {0,2,0}     36    0
10     22     7     8  0.493840  {0,3,0}     34    1
71     65   132   133  0.015383  {0,1,0}     33    0
27     71   124   125  0.667004  {0,2,0}     29    0
18    102    12    13  0.480372  {0,3,0}     20    0
75    140   232   234  0.517463  {0,1,0}     38    0
92    154    59    71  0.258170  {0,1,1}     25    1
39    182    96    97  0.997498  {1,1,0}     40    1
87    187   124   151  0.949035  {0,3,0}     32    1
5     197   104   106  0.672469  {1,3,0}     28    1
57    218   174   175  0.106326  {0,0,1}     36    1
9     226   169   173  0.637815  {1,0,0}     38    1
114   234   195   196  0.659938  {0,1,0}     21    0
53    237     7     8  0.071447  {1,0,0}     21    1
31    251    59    71  0.268015  {1,1,0}     29    1
49    268   196   197  0.139088  {0,3,0}     33    0
117   282    96   114  0.137000  {1,0,0}     39    1
36    292    98   130  0.088767  {0,1,0}     22    1
4     297   146   147  0.717273  {0,1,0}     20    1
80    299    31    38  0.959985  {0,1,0}     21    1
44    314   179   180  0.857997  {0,1,0}     30    1
121   326   153   156  0.643944  {0,2,0}     21    0
69    347   127   138  0.582485  {1,0,0}     34    1
125   362     3     4  0.052622  {1,0,0}     35    1
82    368    50    51  0.537879  {0,1,0}     24    0
103   389    94    95  0.546886  {0,2,0}     34    1
13    417   163   168  0.907578  {0,1,0}     25    1
90    434   213   214  0.272377  {0,2,0}     33    0
94    438   196   197  0.944378  {1,3,0}     36    1
47    442   162   166  0.159061  {1,0,0}     27    1
72    449   192   193  0.752912  {0,1,0}     26    1
19    453   117   118  0.201256  {0,1,1}     32    1
22    490    88    89  0.691247  {0,0,1}     32    0
17    490    86    87  0.656432  {0,1,0}     29    1
16    493    50    53  0.441670  {0,3,0}     25    1
1     536   147   148  0.120159  {0,3,0}     29    0
41    538    18    19  0.759282  {0,2,0}     38    0
6     540   176   180  0.395990  {1,0,0}     38    1
52    549   202   203  0.359558  {0,2,0}     31    1
43    552   243   244  0.601273  {0,1,0}     38    1
50    563   104   106  0.204804  {1,0,0}     36    1
110   565   163   164  0.827843  {1,1,0}     20    1
123   570   190   192  0.301542  {0,3,0}     29    1
26    572    90    95  0.776153  {0,3,0}     26    1
97    609    61    62  0.847781  {0,3,0}     37    1
34    622   219   220  0.324745  {0,2,0}     24    0
15    627   116   120  0.645390  {0,2,0}     28    1
24    631   196   197  0.839656  {0,3,0}     35    0
60    638   104   106  0.195646  {0,2,0}     20    1
40    644   192   193  0.786437  {0,1,0}     25    1
96    649   232   233  0.199343  {0,1,1}     24    0
79    651    98   130  0.510249  {1,1,0}     21    1
25    666    83    84  0.624514  {0,1,0}     27    0
106   667   225   227  0.236146  {1,0,0}     32    1
124   669    19    25  0.889051  {0,1,0}     23    1
42    670    96   114  0.168629  {0,1,0}     24    1
116   710   102   103  0.547686  {0,1,0}     24    0
68    711   117   118  0.174682  {0,2,0}     28    0
115   714   161   162  0.947093  {0,2,0}     36    1
76    747   204   205  0.668419  {1,1,0}     39    1
62    764     3    23  0.880477  {0,2,0}     31    1
20    766   131   132  0.907267  {0,2,0}     31    1
51    775   140   141  0.442511  {1,3,0}     23    1
65    790   152   153  0.107159  {0,3,0}     31    1
29    797    56    57  0.072250  {0,1,0}     38    0
93    800   212   218  0.522632  {1,0,0}     21    1
104   807    82    83  0.163938  {0,2,0}     26    0
67    807   154   155  0.525845  {0,1,0}     39    1
102   818     3     4  0.489093  {0,3,0}     37    0
127   827    46    47  0.297505  {1,0,0}     28    0
99    836   127   128  0.480899  {1,1,0}     37    1
86    839    82    83  0.211666  {0,0,1}     38    1
113   848   162   167  0.370807  {0,2,0}     28    1
84    855   127   138  0.513437  {0,2,0}     37    1
78    867    39    40  0.355851  {1,1,0}     27    1
108   872   157   158  0.633454  {0,1,1}     24    1
100   875    62    63  0.032500  {1,0,0}     31    1
58    890   244   249  0.324423  {0,1,1}     37    0
59    905    61    62  0.213905  {0,1,1}     36    1
112   916    75    77  0.275114  {1,0,0}     33    1
12    925    51    52  0.340589  {0,3,0}     34    1
38    928   132   134  0.701523  {1,3,0}     39    1
8     954    36    38  0.399915  {0,2,0}     35    1
54    973    32    33  0.619592  {0,2,0}     28    1
101   981    17    19  0.469719  {0,1,1}     20    1
120   987    65    66  0.816535  {0,2,0}     31    0
3     991   211   213  0.143283  {0,2,0}     31    1
107   997   180   181  0.763132  {0,1,0}     35    0
66   1000   135   145  0.122029  {0,2,0}     30    1
109  1006    66    68  0.619716  {0,1,1}     30    1
126  1010   188   189  0.847755  {1,0,0}     22    1
14   1015    50    53  0.926392  {0,0,1}     27    1
46   1020   108   109  0.173836  {0,2,0}     33    0
83   1023   108   109  0.999803  {1,0,0}     20    1
0    1033   188   189  0.776642  {0,2,0}     21    1
64   1040   132   133  0.178275  {0,2,0}     38    1
81   1053   197   198  0.352282  {0,1,0}     23    0
88   1065   191   193  0.823352  {0,3,0}     24    0
118  1069   103   113  0.316016  {0,3,0}     26    0
119  1073    23   229  0.343975  {0,2,0}     30    1
63   1128    51    52  0.719216  {1,1,0}     20    1
2    1140   198   199  0.530628  {1,1,0}     24    1
77   1141     6    27  0.032843  {0,0,1}     28    1
7    1169   220   222  0.036462  {0,2,0}     32    0
98   1175   171   172  0.445697  {1,1,0}     39    1
91   1180    48    49  0.299904  {1,1,0}     21    1
74   1181   162   166  0.934959  {0,1,0}     22    0
35   1188    98    99  0.041418  {0,1,0}     28    0
45   1194   202   204  0.399627  {1,0,0}     40    1
73   1198    54    58  0.290314  {1,1,0}     22    1
32   1203    63    64  0.863309  {1,0,0}     20    1
56   1209   129   130  0.835511  {1,1,0}     22    1
122  1211     5     6  0.280167  {0,0,1}     27    1
89   1223    18    19  0.162826  {0,1,1}     36    0
111  1254   240   241  0.390817  {0,2,0}     29    0
105  1258     5     6  0.914081  {0,1,0}     25    1
61   1281   134   135  0.353907  {1,0,0}     35    1
30   1310   196   197  0.539433  {1,3,0}     30    1
21   1316   243   244  0.827797  {0,2,0}     31    1
70   1317   246   247  0.959379  {0,1,0}     22    1
23   1338    59    71  0.343850  {1,1,0}     25    1
11   1354    30    33  0.051564  {0,2,0}     32    1
37   1359   116   118  0.329256  {0,2,0}     20    1
48   1409   232   233  0.418369  {0,3,0}     20    0
55   1418   151   152  0.977737  {1,0,0}     20    1
85   1438   176   179  0.574413  {0,1,0}     40    0
